0 0.581 0.806 0.00733333 0.005 0.605733
0 0.534 0.099 0.0293333 0.012 0.774829
0 0.582333 0.27575 0.0206667 0.0165 0.777954
0 0.579333 0.3345 0.0146667 0.015 0.779275
0 0.359 0.16025 0.0193333 0.0165 0.783418
0 0.443333 0.35625 0.0146667 0.0155 0.801244
0 0.349667 0.17425 0.0246667 0.0145 0.815923
0 0.589 0.3245 0.0166667 0.015 0.820763
0 0.543333 0.3065 0.0173333 0.019 0.82483
0 0.766 0.3505 0.0253333 0.01 0.825224
0 0.540333 0.35325 0.0166667 0.0145 0.826743
0 0.299 0.29825 0.0153333 0.0155 0.828914
0 0.771667 0.35675 0.022 0.0085 0.829288
0 0.433667 0.3535 0.0153333 0.018 0.830571
0 0.476 0.249 0.016 0.017 0.834938
0 0.81 0.4015 0.028 0.018 0.836867
0 0.537667 0.3165 0.0126667 0.018 0.84343
0 0.554667 0.361 0.024 0.01 0.845943
0 0.454 0.91875 0.0173333 0.0205 0.846035
0 0.306667 0.28925 0.016 0.0165 0.846087
0 0.535333 0.5075 0.024 0.015 0.846501
0 0.693333 0.3675 0.016 0.016 0.846925
0 0.678333 0.3645 0.026 0.01 0.84705
0 0.704 0.32875 0.024 0.0155 0.848277
0 0.566667 0.3355 0.0186667 0.012 0.849648
0 0.784 0.3695 0.028 0.009 0.852017
0 0.326667 0.54875 0.02 0.0215 0.852288
0 0.514333 0.4295 0.0166667 0.02 0.852593
0 0.447333 0.9455 0.0213333 0.02 0.852668
0 0.392 0.10425 0.016 0.0165 0.854238
0 0.606 0.23925 0.024 0.0135 0.854587
0 0.563 0.3525 0.0246667 0.01 0.854722
0 0.589667 0.80175 0.03 0.0115 0.855537
0 0.470333 0.25775 0.0206667 0.0155 0.855852
0 0.818667 0.265 0.016 0.018 0.856463
0 0.410333 0.60225 0.0246667 0.0165 0.856472
0 0.655667 0.3565 0.018 0.019 0.857395
0 0.106 0.37225 0.0346667 0.0155 0.858483
0 0.622333 0.13675 0.0166667 0.0185 0.858545
0 0.699667 0.34025 0.0246667 0.0095 0.859857
0 0.800667 0.287 0.016 0.017 0.860007
0 0.583667 0.6805 0.0233333 0.011 0.861344
0 0.395333 0.81425 0.0293333 0.0115 0.861651
0 0.660667 0.26175 0.0266667 0.0105 0.861757
0 0.662 0.487 0.02 0.019 0.862403
0 0.750667 0.495 0.0186667 0.018 0.86277
0 0.604 0.3535 0.02 0.015 0.863871
0 0.659 0.58025 0.0206667 0.0205 0.865036
0 0.142333 0.45425 0.0206667 0.0155 0.866694
0 0.529 0.56275 0.0153333 0.0165 0.866933
0 0.482333 0.581 0.0273333 0.01 0.867552
0 0.481667 0.8285 0.0206667 0.018 0.867754
0 0.391 0.16925 0.0193333 0.0155 0.868916
0 0.813333 0.80525 0.0226667 0.0205 0.869064
0 0.834 0.4715 0.0253333 0.011 0.869403
0 0.1 0.3575 0.0306667 0.012 0.869431
0 0.928333 0.8145 0.0193333 0.022 0.869724
0 0.496667 0.24225 0.0266667 0.0095 0.87104
0 0.502333 0.47825 0.018 0.0165 0.871749
0 0.439 0.3065 0.022 0.018 0.871911
0 0.401667 0.1285 0.018 0.02 0.872387
0 0.525667 0.42075 0.0193333 0.0195 0.873575
0 0.417 0.58475 0.0193333 0.0205 0.873759
0 0.327667 0.45 0.026 0.013 0.874279
0 0.485667 0.51375 0.0273333 0.0105 0.874434
0 0.807 0.686 0.0206667 0.019 0.875249
0 0.537 0.57525 0.0233333 0.0125 0.87538
0 0.473333 0.56775 0.016 0.0175 0.877523
0 0.423667 0.43075 0.022 0.0155 0.878242
0 0.906 0.5945 0.0253333 0.011 0.878337
0 0.621 0.37525 0.0246667 0.0145 0.878768
0 0.354667 0.27425 0.0306667 0.0115 0.878789
0 0.564333 0.2835 0.0273333 0.011 0.879187
0 0.528 0.75675 0.0253333 0.0185 0.879967
0 0.469667 0.54775 0.03 0.0115 0.881514
0 0.530667 0.793 0.0213333 0.018 0.882321
0 0.592333 0.232 0.0246667 0.017 0.882459
0 0.455667 0.6535 0.0286667 0.013 0.882859
0 0.799667 0.41775 0.0233333 0.0125 0.88342
0 0.407333 0.09 0.0213333 0.021 0.883609
0 0.124333 0.5265 0.0246667 0.018 0.884865
0 0.468 0.426 0.0146667 0.02 0.88565
0 0.532333 0.40375 0.0273333 0.0105 0.886045
0 0.719333 0.51275 0.024 0.0125 0.887112
0 0.448333 0.58375 0.0286667 0.0145 0.889745
0 0.756 0.55525 0.0226667 0.0165 0.892716
0 0.487667 0.7465 0.0246667 0.018 0.893475
0 0.398333 0.46925 0.0206667 0.0175 0.89622
0 0.796333 0.449 0.0246667 0.013 0.901381
0 0.275667 0.72925 0.026 0.0165 0.902424
