0 0.61425 0.701 0.0225 0.0166667 0.775903
0 0.2865 0.506667 0.019 0.012 0.801169
0 0.3685 0.530667 0.012 0.0266667 0.824972
0 0.65625 0.569667 0.0215 0.014 0.825777
0 0.8165 0.552667 0.015 0.028 0.831352
0 0.23475 0.542333 0.0225 0.0153333 0.833454
0 0.8115 0.673667 0.026 0.0166667 0.833711
0 0.89075 0.730667 0.0215 0.0266667 0.835897
0 0.6455 0.557333 0.024 0.0186667 0.842747
0 0.381 0.539667 0.02 0.0193333 0.847832
0 0.37 0.61 0.021 0.0133333 0.850242
0 0.5075 0.753 0.015 0.0286667 0.850367
0 0.52625 0.592 0.0125 0.028 0.852046
0 0.4685 0.772667 0.019 0.0213333 0.854656
0 0.652 0.448333 0.012 0.0193333 0.856055
0 0.293 0.666 0.023 0.016 0.856274
0 0.67325 0.541333 0.0225 0.0133333 0.856418
0 0.2035 0.478 0.023 0.016 0.856875
0 0.59575 0.568667 0.0205 0.02 0.857217
0 0.70225 0.530333 0.0125 0.0286667 0.858523
0 0.327 0.341 0.022 0.014 0.858565
0 0.458 0.642667 0.013 0.0293333 0.859632
0 0.3295 0.741667 0.018 0.022 0.861009
0 0.13 0.496667 0.021 0.016 0.86155
0 0.666 0.519667 0.02 0.0206667 0.862852
0 0.81775 0.489667 0.0205 0.0273333 0.863008
0 0.67225 0.154667 0.0145 0.028 0.863926
0 0.6215 0.400667 0.016 0.0266667 0.864403
0 0.78825 0.555667 0.0155 0.0246667 0.864857
0 0.2445 0.68 0.017 0.028 0.865599
0 0.36125 0.568333 0.0135 0.026 0.865672
0 0.0305 0.446333 0.022 0.014 0.866371
0 0.2275 0.506333 0.016 0.0286667 0.866813
0 0.3325 0.214667 0.019 0.024 0.866814
0 0.17175 0.214333 0.0165 0.0273333 0.86682
0 0.3135 0.183 0.016 0.0246667 0.867521
0 0.39375 0.658667 0.0135 0.0266667 0.867686
0 0.47125 0.671333 0.0225 0.0213333 0.868616
0 0.93075 0.477667 0.0155 0.0286667 0.868676
0 0.58775 0.449 0.0115 0.026 0.868747
0 0.5755 0.567333 0.024 0.016 0.8689
0 0.35675 0.807333 0.0165 0.0266667 0.869357
0 0.46275 0.179 0.0225 0.0153333 0.869714
0 0.27 0.742 0.016 0.0293333 0.869886
0 0.3455 0.703667 0.019 0.0206667 0.870102
0 0.44525 0.648 0.0145 0.0266667 0.870333
0 0.76225 0.411333 0.0215 0.02 0.871725
0 0.31175 0.513333 0.0215 0.0133333 0.871813
0 0.5485 0.256 0.018 0.0253333 0.871919
0 0.48675 0.342333 0.0125 0.026 0.871957
0 0.376 0.630667 0.022 0.0146667 0.8724
0 0.60675 0.731667 0.0245 0.0153333 0.872462
0 0.525 0.801 0.022 0.0246667 0.872945
0 0.2915 0.776 0.015 0.0253333 0.873094
0 0.1975 0.261667 0.021 0.0153333 0.873269
0 0.845 0.571 0.015 0.0326667 0.87331
0 0.2715 0.542667 0.018 0.0213333 0.873398
0 0.659 0.764667 0.026 0.016 0.874323
0 0.7245 0.513 0.014 0.0246667 0.874534
0 0.273 0.575667 0.023 0.0193333 0.874789
0 0.39925 0.492667 0.0145 0.0226667 0.875254
0 0.34225 0.562 0.0205 0.0133333 0.876872
0 0.4855 0.528 0.022 0.0173333 0.877599
0 0.3425 0.600667 0.022 0.0173333 0.877858
0 0.898 0.564 0.02 0.0253333 0.878223
0 0.51925 0.541333 0.0215 0.016 0.878279
0 0.455 0.42 0.016 0.028 0.878349
0 0.397 0.598333 0.018 0.0166667 0.878441
0 0.3945 0.330333 0.013 0.0233333 0.878576
0 0.28475 0.676333 0.0225 0.0153333 0.878746
0 0.41575 0.431667 0.0125 0.0246667 0.878793
0 0.467 0.601667 0.02 0.0126667 0.879154
0 0.70575 0.701667 0.0145 0.0286667 0.879337
0 0.5075 0.653 0.02 0.018 0.879691
0 0.3595 0.783333 0.022 0.012 0.88003
0 0.5925 0.517667 0.02 0.0206667 0.880221
0 0.332 0.87 0.014 0.0266667 0.880959
0 0.716 0.640333 0.024 0.0166667 0.881105
0 0.737 0.584 0.021 0.0226667 0.881121
0 0.296 0.460333 0.018 0.022 0.881599
0 0.65825 0.335667 0.0215 0.0153333 0.882448
0 0.70275 0.614 0.0185 0.024 0.883695
0 0.50075 0.717 0.0205 0.0206667 0.883717
0 0.518 0.466667 0.021 0.0213333 0.883997
0 0.5095 0.505333 0.013 0.0253333 0.884402
0 0.1225 0.465667 0.018 0.022 0.885329
0 0.2685 0.779 0.025 0.0153333 0.886142
0 0.4795 0.737333 0.021 0.0226667 0.886546
0 0.38825 0.507333 0.0225 0.0146667 0.886795
0 0.5 0.540667 0.011 0.0226667 0.8873
0 0.5395 0.514667 0.012 0.0266667 0.887621
0 0.44875 0.318667 0.0135 0.0293333 0.888459
0 0.6965 0.586333 0.023 0.0153333 0.888605
0 0.85475 0.620667 0.0205 0.0226667 0.889654
0 0.30525 0.543333 0.0205 0.02 0.89098
0 0.501 0.603333 0.015 0.0293333 0.891281
0 0.899 0.778 0.023 0.024 0.892058
0 0.47125 0.563667 0.0205 0.022 0.893034
0 0.66025 0.696667 0.0175 0.0226667 0.894292
0 0.497 0.688333 0.019 0.0233333 0.89479
0 0.45475 0.48 0.0185 0.0226667 0.895416
0 0.5945 0.613333 0.016 0.028 0.900804
