0 0.718667 0.524 0.02 0.024 0.590966
0 0.470333 0.25925 0.014 0.0155 0.609687
0 0.564 0.28525 0.012 0.0095 0.627086
0 0.495 0.50625 0.0233333 0.0095 0.68092
0 0.706333 0.529 0.0286667 0.012 0.687021
0 0.542 0.4165 0.0133333 0.015 0.720442
0 0.549333 0.41925 0.0133333 0.0155 0.725414
0 0.436333 0.36275 0.014 0.0175 0.734989
0 0.808 0.88525 0.0226667 0.0075 0.737272
0 0.328 0.45225 0.0213333 0.0155 0.746585
0 0.426667 0.36125 0.0146667 0.0145 0.752373
0 0.366333 0.50325 0.0166667 0.0185 0.756095
0 0.373667 0.69125 0.0233333 0.0095 0.762435
0 0.817333 0.89025 0.036 0.0175 0.767306
0 0.561667 0.61375 0.0193333 0.0115 0.768374
0 0.452333 0.317 0.0206667 0.012 0.773436
0 0.341333 0.447 0.016 0.014 0.775039
0 0.520667 0.4075 0.0253333 0.008 0.776377
0 0.464667 0.263 0.0173333 0.014 0.776667
0 0.417667 0.4465 0.0193333 0.01 0.776696
0 0.557333 0.29125 0.0146667 0.0155 0.778201
0 0.562333 0.34275 0.0153333 0.0145 0.780654
0 0.572 0.32575 0.0213333 0.0155 0.7916
0 0.833667 0.45825 0.0246667 0.0095 0.792739
0 0.549667 0.34325 0.0193333 0.0115 0.802081
0 0.679667 0.33675 0.022 0.0135 0.802574
0 0.527 0.41475 0.0193333 0.0075 0.80858
0 0.550333 0.612 0.0166667 0.013 0.809083
0 0.304667 0.30175 0.0146667 0.0165 0.809675
0 0.291 0.41525 0.018 0.0205 0.811896
0 0.489 0.73875 0.0166667 0.0205 0.812153
0 0.313 0.25375 0.0153333 0.0145 0.813005
0 0.417 0.437 0.026 0.01 0.81558
0 0.301333 0.25375 0.0146667 0.0145 0.816325
0 0.463333 0.176 0.024 0.008 0.816953
0 0.374 0.68275 0.0293333 0.0105 0.818496
0 0.395 0.1295 0.026 0.012 0.822924
0 0.36 0.02925 0.0146667 0.0145 0.823404
0 0.473667 0.181 0.026 0.009 0.824036
0 0.645 0.5735 0.0153333 0.019 0.825186
0 0.551 0.5425 0.0153333 0.02 0.825357
0 0.744 0.36225 0.0186667 0.0085 0.825845
0 0.781667 0.40425 0.0273333 0.0165 0.826548
0 0.535 0.375 0.0286667 0.009 0.826608
0 0.477 0.17075 0.0246667 0.0075 0.827994
0 0.549333 0.36075 0.0226667 0.0095 0.828803
0 0.476 0.74025 0.012 0.0145 0.828984
0 0.244 0.1305 0.02 0.014 0.830018
0 0.574333 0.29325 0.0113333 0.0125 0.830293
0 0.495 0.42625 0.0206667 0.0175 0.831022
0 0.480333 0.541 0.0233333 0.008 0.832107
0 0.482333 0.50875 0.0206667 0.0085 0.832491
0 0.061 0.66725 0.034 0.0155 0.832549
0 0.298 0.42625 0.0253333 0.0085 0.832645
0 0.519333 0.42175 0.0213333 0.0095 0.833996
0 0.541 0.36775 0.018 0.0075 0.834076
0 0.675667 0.63 0.022 0.019 0.835001
0 0.45 0.57225 0.0253333 0.0115 0.835125
0 0.373 0.51025 0.0206667 0.0125 0.835157
0 0.389333 0.5025 0.0173333 0.016 0.835296
0 0.464333 0.3215 0.0246667 0.01 0.835321
0 0.770667 0.44775 0.0226667 0.0145 0.836398
0 0.507667 0.06225 0.0246667 0.0115 0.839475
0 0.378 0.13075 0.024 0.0095 0.839547
0 0.873333 0.62875 0.0266667 0.0085 0.8397
0 0.433333 0.311 0.0293333 0.009 0.83995
0 0.351667 0.18275 0.018 0.0155 0.84033
0 0.589333 0.23175 0.0213333 0.0155 0.840665
0 0.463667 0.554 0.0233333 0.009 0.840829
0 0.867667 0.6365 0.0246667 0.011 0.842392
0 0.148667 0.45725 0.0213333 0.0145 0.842449
0 0.487 0.82125 0.022 0.0165 0.842781
0 0.547 0.3005 0.0206667 0.013 0.843908
0 0.106667 0.36575 0.0306667 0.0095 0.846417
0 0.297 0.30875 0.0153333 0.0165 0.84643
0 0.692 0.63175 0.016 0.0195 0.846433
0 0.541667 0.48125 0.018 0.0155 0.846581
0 0.574 0.279 0.0173333 0.013 0.846596
0 0.520333 0.757 0.0313333 0.012 0.846599
0 0.160667 0.1595 0.0186667 0.015 0.846703
0 0.795 0.673 0.0166667 0.019 0.847465
0 0.768333 0.29775 0.0153333 0.0155 0.847724
0 0.575 0.23325 0.0153333 0.0185 0.848329
0 0.523 0.39875 0.0233333 0.0085 0.848333
0 0.318 0.571 0.0266667 0.015 0.849826
0 0.410333 0.598 0.0233333 0.016 0.850383
0 0.482 0.5775 0.0226667 0.013 0.850425
0 0.737333 0.3565 0.024 0.01 0.850513
0 0.525667 0.3615 0.0193333 0.008 0.850829
0 0.590667 0.79225 0.0266667 0.0125 0.851335
0 0.646667 0.48475 0.0226667 0.0185 0.852287
0 0.148 0.16575 0.0133333 0.0165 0.852504
0 0.0803333 0.598 0.0286667 0.015 0.852963
0 0.458667 0.2725 0.0173333 0.014 0.85365
0 0.513667 0.3515 0.022 0.013 0.853928
0 0.676 0.34675 0.0253333 0.0095 0.854111
0 0.540667 0.4675 0.028 0.009 0.854195
0 0.576667 0.67075 0.0226667 0.0135 0.854478
0 0.144333 0.38075 0.014 0.0195 0.854645
0 0.481333 0.4175 0.0186667 0.015 0.854973
0 0.107333 0.6925 0.024 0.022 0.855101
0 0.902 0.81975 0.0226667 0.0215 0.855145
0 0.636 0.36375 0.016 0.0165 0.856705
0 0.522333 0.327 0.014 0.016 0.85683
0 0.417 0.5805 0.0193333 0.02 0.85728
0 0.528667 0.31775 0.0146667 0.0165 0.857618
0 0.142333 0.88875 0.026 0.0175 0.85859
0 0.485667 0.56475 0.026 0.0105 0.858837
0 0.484333 0.53075 0.0233333 0.0105 0.858847
0 0.146667 0.119 0.028 0.012 0.859246
0 0.0756667 0.51775 0.0206667 0.0215 0.859748
0 0.517 0.45675 0.0166667 0.0155 0.859833
0 0.695667 0.67125 0.026 0.0115 0.861558
0 0.631 0.616 0.03 0.01 0.861848
0 0.446333 0.58025 0.0246667 0.0135 0.862371
0 0.603333 0.381 0.0226667 0.014 0.862779
0 0.781333 0.66725 0.0186667 0.0185 0.86331
0 0.346 0.56125 0.02 0.0185 0.863354
0 0.569333 0.55025 0.024 0.0145 0.863377
0 0.756 0.374 0.0266667 0.009 0.86346
0 0.807667 0.7915 0.0166667 0.019 0.863782
0 0.492667 0.627 0.0293333 0.013 0.863989
0 0.401667 0.80775 0.0286667 0.0115 0.864049
0 0.622333 0.41125 0.0206667 0.0145 0.864338
0 0.581333 0.16775 0.02 0.0115 0.864458
0 0.131 0.3745 0.0153333 0.018 0.864739
0 0.920667 0.799 0.0213333 0.017 0.865911
0 0.418667 0.23575 0.0186667 0.0175 0.866046
0 0.456 0.94025 0.0213333 0.0225 0.866167
0 0.513333 0.1295 0.0266667 0.012 0.867051
0 0.738333 0.61425 0.026 0.0135 0.867121
0 0.514 0.24525 0.024 0.0125 0.867342
0 0.765333 0.16 0.024 0.012 0.867598
0 0.780333 0.4915 0.022 0.01 0.868332
0 0.344667 0.028 0.0186667 0.018 0.868487
0 0.531 0.35175 0.022 0.0105 0.868656
0 0.762333 0.198 0.026 0.011 0.869357
0 0.431667 0.32025 0.0246667 0.0115 0.86941
0 0.364333 0.1055 0.026 0.011 0.869941
0 0.417667 0.0805 0.0153333 0.017 0.87052
0 0.34 0.326 0.0293333 0.012 0.870556
0 0.599667 0.168 0.0166667 0.014 0.870941
0 0.543 0.7495 0.0273333 0.013 0.870974
0 0.606333 0.2545 0.026 0.013 0.871246
0 0.880333 0.58425 0.0153333 0.0165 0.871353
0 0.636333 0.27525 0.026 0.0095 0.871439
0 0.176 0.171 0.0266667 0.011 0.871567
0 0.534667 0.78525 0.0186667 0.0195 0.87162
0 0.350667 0.288 0.028 0.011 0.871671
0 0.240333 0.183 0.0206667 0.016 0.871958
0 0.701333 0.50875 0.0226667 0.0115 0.87205
0 0.112667 0.379 0.02 0.022 0.872065
0 0.47 0.54675 0.0253333 0.0115 0.872201
0 0.763333 0.4835 0.0266667 0.009 0.872297
0 0.464333 0.464 0.0153333 0.018 0.872505
0 0.759 0.27325 0.0233333 0.0105 0.872578
0 0.343667 0.195 0.026 0.013 0.872638
0 0.65 0.745 0.024 0.017 0.872865
0 0.474 0.194 0.024 0.012 0.873144
0 0.495 0.09975 0.0246667 0.0105 0.873151
0 0.605333 0.35225 0.0213333 0.0155 0.874732
0 0.649 0.58575 0.022 0.0125 0.874838
0 0.650667 0.40325 0.02 0.0155 0.875006
0 0.529667 0.45 0.0153333 0.016 0.875597
0 0.785667 0.37625 0.0246667 0.0115 0.87567
0 0.166 0.22375 0.0213333 0.0175 0.876084
0 0.526 0.486 0.024 0.01 0.876118
0 0.471 0.60425 0.018 0.0195 0.876249
0 0.398 0.18225 0.02 0.0185 0.876628
0 0.462667 0.91225 0.0186667 0.0195 0.876718
0 0.588 0.7765 0.0186667 0.017 0.876749
0 0.530333 0.42725 0.022 0.0125 0.877094
0 0.5 0.3985 0.0253333 0.012 0.877237
0 0.5 0.4885 0.016 0.018 0.877402
0 0.445 0.16275 0.022 0.0145 0.87758
0 0.0886667 0.272 0.0173333 0.019 0.877661
0 0.502667 0.44 0.0226667 0.014 0.87786
0 0.101667 0.245 0.03 0.012 0.878069
0 0.489667 0.7105 0.03 0.012 0.87871
0 0.068 0.5405 0.0346667 0.011 0.878742
0 0.455333 0.6475 0.028 0.013 0.878743
0 0.327667 0.5465 0.018 0.022 0.878776
0 0.536667 0.5415 0.02 0.019 0.879167
0 0.376 0.44825 0.0146667 0.0175 0.879268
0 0.131 0.527 0.026 0.017 0.879272
0 0.733333 0.48975 0.028 0.0105 0.880655
0 0.809 0.46925 0.0246667 0.0105 0.882282
0 0.0593333 0.15375 0.028 0.0115 0.883527
0 0.669667 0.7865 0.0166667 0.02 0.884904
0 0.385667 0.09025 0.0273333 0.0125 0.885083
0 0.117667 0.42675 0.022 0.0175 0.887652
0 0.310667 0.417 0.0253333 0.012 0.888015
0 0.282 0.72475 0.0293333 0.0165 0.889458
0 0.772667 0.41875 0.024 0.0115 0.889633
0 0.261667 0.68 0.022 0.02 0.889801
0 0.404667 0.31975 0.0213333 0.0185 0.893803
0 0.095 0.15175 0.0193333 0.0185 0.894539
0 0.461 0.36075 0.018 0.0175 0.895442
0 0.109333 0.3915 0.0253333 0.015 0.895621
0 0.470333 0.512 0.018 0.014 0.898071
0 0.457 0.52725 0.0193333 0.0185 0.899713
