0 0.451667 0.2275 0.0113333 0.015 0.534133
0 0.511 0.37575 0.0193333 0.0115 0.539599
0 0.404333 0.1775 0.0193333 0.019 0.54193
0 0.376667 0.10425 0.0133333 0.0195 0.631033
0 0.512667 0.391 0.0173333 0.019 0.671876
0 0.440667 0.232 0.0146667 0.027 0.681781
0 0.375333 0.48625 0.0133333 0.0135 0.708671
0 0.596667 0.648 0.028 0.009 0.714593
0 0.458667 0.2255 0.0173333 0.019 0.715598
0 0.601667 0.206 0.03 0.021 0.724173
0 0.452 0.4435 0.0146667 0.019 0.725278
0 0.263667 0.267 0.0166667 0.02 0.725644
0 0.465333 0.112 0.0333333 0.016 0.734788
0 0.0613333 0.354 0.0146667 0.02 0.753628
0 0.295 0.40875 0.0193333 0.0145 0.753727
0 0.383333 0.65925 0.0186667 0.0195 0.756046
0 0.393 0.64075 0.0233333 0.0175 0.756656
0 0.402333 0.2245 0.026 0.008 0.76197
0 0.428 0.14375 0.016 0.0125 0.762221
0 0.612333 0.65525 0.0233333 0.0145 0.762268
0 0.279333 0.4165 0.0186667 0.013 0.768212
0 0.376 0.24775 0.0186667 0.0135 0.768498
0 0.402 0.16475 0.0266667 0.0115 0.768504
0 0.191333 0.49125 0.028 0.0175 0.769757
0 0.313 0.64575 0.0246667 0.0165 0.772334
0 0.323667 0.14425 0.0286667 0.0185 0.777623
0 0.493667 0.44275 0.0246667 0.0215 0.778358
0 0.384 0.48575 0.0213333 0.0175 0.778958
0 0.305 0.416 0.018 0.02 0.782288
0 0.147667 0.46025 0.0246667 0.0185 0.783272
0 0.154 0.265 0.0253333 0.012 0.786261
0 0.463333 0.43875 0.0253333 0.0135 0.789468
0 0.436667 0.19925 0.024 0.0135 0.789889
0 0.407333 0.243 0.024 0.017 0.790094
0 0.413667 0.536 0.0246667 0.02 0.794
0 0.200333 0.56525 0.0193333 0.0135 0.794345
0 0.369333 0.2565 0.0226667 0.017 0.795503
0 0.3 0.6365 0.0146667 0.017 0.795728
0 0.395333 0.81775 0.028 0.0105 0.796789
0 0.415333 0.404 0.0253333 0.011 0.797972
0 0.396333 0.67175 0.0246667 0.0165 0.799216
0 0.177 0.22125 0.0153333 0.0205 0.799306
0 0.485667 0.20325 0.0326667 0.0135 0.801505
0 0.273667 0.266 0.0153333 0.022 0.801631
0 0.407333 0.2315 0.0306667 0.01 0.805507
0 0.173 0.30425 0.0166667 0.0165 0.807415
0 0.384333 0.243 0.0206667 0.012 0.811624
0 0.458667 0.153 0.0186667 0.022 0.811715
0 0.0753333 0.3555 0.0213333 0.017 0.813895
0 0.439 0.14125 0.0206667 0.0165 0.814486
0 0.416333 0.134 0.0206667 0.02 0.815237
0 0.171667 0.2645 0.022 0.015 0.815301
0 0.330667 0.1655 0.0213333 0.014 0.815475
0 0.528333 0.39125 0.022 0.0205 0.815875
0 0.476333 0.6685 0.0246667 0.014 0.816285
0 0.157333 0.63475 0.016 0.0215 0.817366
0 0.361667 0.10875 0.0286667 0.0155 0.819877
0 0.408333 0.398 0.0286667 0.01 0.821449
0 0.320333 0.747 0.0193333 0.021 0.823745
0 0.117667 0.39 0.018 0.02 0.823803
0 0.473 0.364 0.0206667 0.021 0.825306
0 0.486 0.67525 0.024 0.0185 0.825409
0 0.107 0.3795 0.0153333 0.019 0.827668
0 0.201667 0.70025 0.0153333 0.0155 0.827888
0 0.391333 0.106 0.0186667 0.02 0.829361
0 0.433667 0.184 0.0286667 0.011 0.829747
0 0.041 0.63025 0.0273333 0.0105 0.830639
0 0.666667 0.14975 0.0306667 0.0145 0.833172
0 0.495333 0.322 0.0306667 0.013 0.835977
0 0.381 0.6255 0.0313333 0.012 0.836467
0 0.369333 0.492 0.0186667 0.016 0.837316
0 0.323 0.42075 0.0273333 0.0145 0.837513
0 0.443333 0.19275 0.0253333 0.0115 0.840651
0 0.282333 0.2365 0.0166667 0.021 0.841069
0 0.418 0.41275 0.0306667 0.0125 0.842205
0 0.231667 0.62975 0.0193333 0.0215 0.843283
0 0.620667 0.64275 0.032 0.0115 0.843317
0 0.257667 0.4845 0.0233333 0.014 0.843693
0 0.0836667 0.3655 0.026 0.01 0.844702
0 0.756 0.46225 0.036 0.0125 0.846011
0 0.362667 0.26775 0.028 0.0125 0.846667
0 0.162667 0.30825 0.02 0.0165 0.846694
0 0.344333 0.17175 0.022 0.0165 0.846738
0 0.333 0.57 0.0206667 0.02 0.847013
0 0.342 0.2635 0.0293333 0.014 0.847284
0 0.152667 0.2785 0.028 0.01 0.847491
0 0.680333 0.55525 0.0193333 0.0215 0.847593
0 0.243333 0.83825 0.0173333 0.0215 0.848087
0 0.288 0.0445 0.0306667 0.014 0.848091
0 0.229 0.201 0.0246667 0.016 0.848602
0 0.745333 0.30225 0.0306667 0.0185 0.849257
0 0.421 0.21075 0.0286667 0.0105 0.850388
0 0.182667 0.2745 0.0146667 0.019 0.850459
0 0.426333 0.77975 0.03 0.0145 0.851101
0 0.507 0.28825 0.03 0.0115 0.851237
0 0.25 0.62325 0.0173333 0.0195 0.851699
0 0.188333 0.55725 0.0153333 0.0185 0.851834
0 0.270667 0.743 0.0186667 0.02 0.852206
0 0.394 0.25625 0.0186667 0.0185 0.852324
0 0.465 0.6025 0.022 0.022 0.852398
0 0.744667 0.40075 0.028 0.0215 0.852506
0 0.297333 0.53825 0.0173333 0.0225 0.852561
0 0.258667 0.68175 0.0293333 0.0145 0.852644
0 0.153 0.58675 0.0166667 0.0195 0.852886
0 0.463333 0.45675 0.0306667 0.0095 0.853274
0 0.143333 0.3335 0.0253333 0.01 0.85432
0 0.440333 0.15375 0.0273333 0.0115 0.854399
0 0.166333 0.6515 0.0193333 0.02 0.854831
0 0.608667 0.28425 0.036 0.0135 0.854925
0 0.213333 0.68925 0.02 0.0135 0.855948
0 0.104667 0.35975 0.02 0.0215 0.85612
0 0.367 0.74725 0.0193333 0.0225 0.856135
0 0.117667 0.4225 0.0286667 0.013 0.856905
0 0.622 0.4955 0.0346667 0.013 0.856974
0 0.195667 0.124 0.0206667 0.018 0.857431
0 0.124667 0.63325 0.0266667 0.0115 0.857499
0 0.459 0.5725 0.0233333 0.018 0.858056
0 0.352667 0.904 0.028 0.019 0.859321
0 0.189333 0.2185 0.0253333 0.013 0.859367
0 0.173 0.422 0.0166667 0.02 0.859646
0 0.582667 0.33575 0.0333333 0.0115 0.859803
0 0.43 0.81975 0.0293333 0.0135 0.860296
0 0.253333 0.3175 0.0186667 0.02 0.860398
0 0.733 0.25475 0.0313333 0.0175 0.860553
0 0.219667 0.35025 0.0153333 0.0165 0.860659
0 0.133 0.26975 0.0166667 0.0245 0.860983
0 0.125667 0.4495 0.018 0.022 0.861286
0 0.602 0.63325 0.0266667 0.0165 0.861655
0 0.143667 0.64975 0.0206667 0.0195 0.861814
0 0.263333 0.464 0.028 0.01 0.86211
0 0.256 0.638 0.024 0.018 0.862716
0 0.121667 0.643 0.0273333 0.009 0.862829
0 0.468333 0.276 0.0206667 0.021 0.863106
0 0.0666667 0.421 0.02 0.02 0.863381
0 0.144333 0.7085 0.0166667 0.021 0.864311
0 0.245 0.7765 0.0273333 0.015 0.865162
0 0.147 0.814 0.026 0.019 0.865292
0 0.186667 0.38525 0.016 0.0195 0.865641
0 0.189333 0.432 0.0253333 0.01 0.865748
0 0.578 0.1175 0.0306667 0.013 0.865774
0 0.085 0.59025 0.022 0.0165 0.866078
0 0.152 0.76525 0.0253333 0.0155 0.86627
0 0.434 0.215 0.0266667 0.015 0.866609
0 0.219667 0.71425 0.026 0.0135 0.866692
0 0.155667 0.345 0.022 0.016 0.86679
0 0.396667 0.425 0.0293333 0.013 0.867261
0 0.103667 0.239 0.0193333 0.017 0.86789
0 0.363 0.06475 0.0233333 0.0165 0.867907
0 0.226 0.6945 0.0266667 0.017 0.868173
0 0.425333 0.384 0.0226667 0.017 0.868205
0 0.471333 0.466 0.028 0.012 0.868303
0 0.454333 0.36775 0.0246667 0.0205 0.868416
0 0.143333 0.48 0.024 0.013 0.868434
0 0.260333 0.282 0.0273333 0.013 0.868727
0 0.479333 0.18475 0.0253333 0.0195 0.868994
0 0.333333 0.43025 0.0306667 0.0115 0.869039
0 0.553667 0.441 0.03 0.019 0.869255
0 0.381 0.07825 0.0286667 0.0135 0.869386
0 0.044 0.302 0.0266667 0.014 0.869587
0 0.308 0.65875 0.028 0.0095 0.869733
0 0.385 0.84525 0.03 0.0115 0.869734
0 0.332333 0.31475 0.026 0.0105 0.869895
0 0.127 0.19475 0.0286667 0.0135 0.870304
0 0.328667 0.2035 0.0293333 0.015 0.870391
0 0.179333 0.1995 0.028 0.013 0.870763
0 0.300667 0.8335 0.0293333 0.016 0.871067
0 0.581667 0.40725 0.0313333 0.0185 0.871625
0 0.07 0.48925 0.0173333 0.0195 0.871648
0 0.294 0.59125 0.028 0.0135 0.872041
0 0.173667 0.5765 0.0246667 0.015 0.872425
0 0.254 0.29275 0.0253333 0.0145 0.872472
0 0.52 0.45575 0.032 0.0125 0.872518
0 0.659333 0.49025 0.032 0.0175 0.873248
0 0.344333 0.553 0.034 0.014 0.873351
0 0.171333 0.40025 0.02 0.0155 0.873568
0 0.275 0.40425 0.0166667 0.0205 0.873644
0 0.274 0.315 0.0266667 0.013 0.873692
0 0.162 0.12425 0.0226667 0.0175 0.874125
0 0.488333 0.14325 0.0246667 0.0135 0.874144
0 0.113 0.31525 0.0233333 0.0185 0.874589
0 0.407667 0.6595 0.034 0.011 0.874892
0 0.163333 0.32 0.0293333 0.009 0.875076
0 0.185 0.69525 0.026 0.0125 0.875413
0 0.343333 0.5995 0.0253333 0.016 0.875611
0 0.258 0.58075 0.0226667 0.0175 0.87573
0 0.244333 0.49275 0.03 0.0125 0.875967
0 0.412667 0.38875 0.024 0.0085 0.876209
0 0.136667 0.513 0.0266667 0.011 0.876667
0 0.595 0.47925 0.026 0.0165 0.876754
0 0.367667 0.68425 0.0233333 0.0165 0.877195
0 0.43 0.75325 0.0306667 0.0115 0.87762
0 0.308 0.37175 0.0226667 0.0235 0.877834
0 0.366333 0.12125 0.0313333 0.0145 0.877917
0 0.443 0.726 0.0326667 0.011 0.878135
0 0.294667 0.355 0.0266667 0.014 0.878153
0 0.374333 0.2795 0.022 0.017 0.878349
0 0.0366667 0.37375 0.0213333 0.0165 0.878758
0 0.735 0.55775 0.0273333 0.0205 0.878802
0 0.319 0.6265 0.026 0.016 0.878982
0 0.404 0.6025 0.0226667 0.016 0.87942
0 0.110333 0.50275 0.0246667 0.0125 0.880194
0 0.374667 0.158 0.0253333 0.016 0.880426
0 0.275667 0.5875 0.0166667 0.02 0.880942
0 0.328667 0.47575 0.024 0.0145 0.881006
0 0.383333 0.2095 0.0306667 0.016 0.881618
0 0.415 0.47775 0.018 0.0245 0.882274
0 0.378 0.352 0.0266667 0.012 0.882728
0 0.032 0.5485 0.024 0.014 0.882965
0 0.303667 0.45 0.034 0.011 0.883288
0 0.241333 0.562 0.02 0.024 0.883782
0 0.0996667 0.39325 0.0246667 0.0125 0.884077
0 0.483 0.49525 0.0286667 0.0165 0.886253
0 0.519 0.36475 0.018 0.0195 0.887153
0 0.234333 0.372 0.026 0.015 0.888263
0 0.496667 0.335 0.024 0.014 0.888845
0 0.144 0.5315 0.0226667 0.019 0.889724
0 0.178 0.351 0.02 0.022 0.890466
0 0.484333 0.287 0.018 0.02 0.890932
0 0.322667 0.486 0.028 0.011 0.891022
0 0.198667 0.726 0.0293333 0.012 0.892816
0 0.260333 0.5205 0.0193333 0.021 0.893488
0 0.228333 0.72025 0.0273333 0.0155 0.893604
0 0.303667 0.761 0.0273333 0.016 0.894013
0 0.161333 0.5695 0.024 0.015 0.895126
0 0.371 0.70375 0.0233333 0.0185 0.906683
0 0.127 0.2935 0.0193333 0.022 0.912328
0 0.359333 0.60475 0.0266667 0.0105 0.923015
