0 0.61075 0.370333 0.0155 0.0233333 0.518651
0 0.561 0.601 0.013 0.0126667 0.574089
0 0.70275 0.434 0.0125 0.0186667 0.614549
0 0.5585 0.732667 0.011 0.0253333 0.618678
0 0.59275 0.587667 0.0085 0.0166667 0.641834
0 0.70575 0.421667 0.0115 0.0166667 0.653859
0 0.39125 0.788667 0.0155 0.012 0.656718
0 0.6735 0.695667 0.013 0.0166667 0.658293
0 0.54075 0.426333 0.0105 0.018 0.671153
0 0.3425 0.525667 0.008 0.0153333 0.677533
0 0.67825 0.729667 0.0165 0.022 0.684901
0 0.38475 0.817 0.0165 0.0233333 0.693327
0 0.62275 0.397 0.0125 0.0126667 0.695705
0 0.64625 0.472 0.0135 0.016 0.700074
0 0.5645 0.565333 0.008 0.016 0.704963
0 0.572 0.763 0.018 0.0126667 0.717817
0 0.56725 0.728 0.0105 0.0186667 0.725017
0 0.33825 0.558333 0.0105 0.0206667 0.732871
0 0.59425 0.743 0.0205 0.0126667 0.739646
0 0.60725 0.659333 0.0135 0.0226667 0.740546
0 0.4735 0.344667 0.01 0.024 0.750341
0 0.19825 0.542667 0.0195 0.0133333 0.754527
0 0.534 0.426667 0.013 0.0213333 0.758025
0 0.55225 0.444667 0.0195 0.0133333 0.758833
0 0.49425 0.754667 0.0145 0.0226667 0.761796
0 0.27575 0.565667 0.0105 0.0286667 0.767455
0 0.552 0.521667 0.016 0.0166667 0.774681
0 0.12525 0.527667 0.0205 0.018 0.779052
0 0.55875 0.754 0.0125 0.024 0.781793
0 0.604 0.370667 0.01 0.02 0.782061
0 0.458 0.632333 0.014 0.0206667 0.782765
0 0.55875 0.409667 0.0105 0.0153333 0.783237
0 0.55575 0.570333 0.0145 0.0166667 0.787329
0 0.615 0.661 0.011 0.0166667 0.793642
0 0.5815 0.456 0.01 0.0173333 0.794639
0 0.69325 0.433333 0.0105 0.0253333 0.798318
0 0.666 0.724 0.019 0.0186667 0.799743
0 0.464 0.343333 0.017 0.0186667 0.800434
0 0.53525 0.579667 0.0165 0.0126667 0.800878
0 0.6565 0.452333 0.018 0.0126667 0.801857
0 0.42975 0.521667 0.0155 0.0113333 0.803558
0 0.58975 0.411 0.0125 0.0193333 0.803854
0 0.35925 0.353333 0.0185 0.0173333 0.803953
0 0.6415 0.501 0.015 0.0193333 0.806225
0 0.59775 0.598 0.0135 0.0213333 0.807622
0 0.466 0.635667 0.014 0.0206667 0.807947
0 0.363 0.455333 0.015 0.016 0.80832
0 0.1205 0.543333 0.019 0.0253333 0.809003
0 0.32975 0.558667 0.0145 0.0213333 0.809395
0 0.4235 0.513333 0.017 0.0173333 0.810503
0 0.44375 0.538667 0.0105 0.012 0.813149
0 0.54125 0.784333 0.0135 0.0193333 0.813911
0 0.662 0.802333 0.01 0.0233333 0.814698
0 0.3545 0.454333 0.014 0.0166667 0.814946
0 0.34825 0.573667 0.0135 0.018 0.8165
0 0.717 0.429333 0.017 0.0186667 0.818242
0 0.3755 0.519667 0.018 0.01 0.818835
0 0.6345 0.467333 0.016 0.00933333 0.819916
0 0.5585 0.594333 0.017 0.0153333 0.82033
0 0.4525 0.328 0.013 0.02 0.820506
0 0.599 0.295667 0.011 0.0233333 0.820702
0 0.40875 0.406333 0.0145 0.022 0.820772
0 0.71525 0.518 0.0115 0.028 0.821104
0 0.6475 0.458667 0.016 0.012 0.822455
0 0.6695 0.735 0.014 0.0153333 0.823632
0 0.4545 0.616333 0.016 0.0113333 0.823772
0 0.27775 0.515 0.0165 0.014 0.825826
0 0.57125 0.547 0.0095 0.0193333 0.82597
0 0.26725 0.502333 0.0115 0.0273333 0.826087
0 0.6215 0.651 0.014 0.0206667 0.826845
0 0.557 0.549 0.013 0.022 0.827781
0 0.60375 0.392 0.0225 0.012 0.828045
0 0.3675 0.777333 0.016 0.02 0.828381
0 0.53575 0.798667 0.0195 0.016 0.828938
0 0.2785 0.751667 0.016 0.0126667 0.828976
0 0.609 0.323 0.01 0.0193333 0.829151
0 0.5505 0.761333 0.008 0.02 0.829161
0 0.47175 0.540333 0.0105 0.022 0.829364
0 0.40375 0.642 0.0185 0.012 0.829445
0 0.75525 0.646667 0.0185 0.0146667 0.829639
0 0.45675 0.359 0.0165 0.0126667 0.829704
0 0.57925 0.314333 0.0175 0.0166667 0.831235
0 0.703 0.408333 0.013 0.0193333 0.83172
0 0.37925 0.529333 0.0185 0.0106667 0.832357
0 0.6225 0.492 0.013 0.028 0.833147
0 0.71575 0.309667 0.0165 0.0206667 0.833273
0 0.56275 0.529667 0.0115 0.0193333 0.833481
0 0.72475 0.309667 0.0115 0.026 0.833566
0 0.60025 0.423333 0.0105 0.0173333 0.833887
0 0.615 0.306667 0.015 0.0186667 0.834107
0 0.4005 0.338 0.02 0.0106667 0.835034
0 0.267 0.755333 0.016 0.0186667 0.835891
0 0.48375 0.502667 0.0105 0.02 0.836818
0 0.6355 0.699 0.017 0.0126667 0.837245
0 0.393 0.448 0.019 0.016 0.837539
0 0.65075 0.517667 0.0185 0.018 0.838075
0 0.68025 0.674667 0.0185 0.0146667 0.838228
0 0.3355 0.520333 0.011 0.0233333 0.838506
0 0.39825 0.630333 0.0175 0.0193333 0.838642
0 0.45225 0.345 0.0175 0.014 0.838779
0 0.40125 0.410333 0.0145 0.018 0.839261
0 0.393 0.778333 0.016 0.0113333 0.839692
0 0.28475 0.567667 0.0105 0.0206667 0.840086
0 0.20025 0.554667 0.0225 0.012 0.840206
0 0.41975 0.363333 0.0145 0.0213333 0.840313
0 0.591 0.534 0.012 0.0253333 0.840372
0 0.2545 0.555 0.014 0.022 0.84055
0 0.54175 0.408333 0.0175 0.0166667 0.841027
0 0.4125 0.356667 0.016 0.0173333 0.841316
0 0.279 0.494667 0.02 0.0133333 0.841487
0 0.37925 0.839 0.0195 0.0193333 0.841723
0 0.58425 0.321333 0.0145 0.012 0.841841
0 0.76425 0.742667 0.0205 0.016 0.842494
0 0.413 0.238 0.013 0.0213333 0.843098
0 0.3175 0.89 0.016 0.0266667 0.843237
0 0.4895 0.726667 0.012 0.0226667 0.843589
0 0.42525 0.626333 0.0125 0.0246667 0.844248
0 0.691 0.481333 0.013 0.0253333 0.844585
0 0.70325 0.626 0.0195 0.012 0.844967
0 0.5905 0.426667 0.015 0.0146667 0.845212
0 0.66675 0.592 0.0225 0.0173333 0.845252
0 0.6355 0.373333 0.02 0.0186667 0.845371
0 0.651 0.314333 0.02 0.0206667 0.845495
0 0.54775 0.494333 0.0175 0.014 0.84556
0 0.39075 0.844 0.0125 0.02 0.845724
0 0.28125 0.739 0.0215 0.014 0.845963
0 0.674 0.806 0.014 0.0226667 0.84616
0 0.51925 0.461 0.0195 0.014 0.846649
0 0.731 0.152333 0.012 0.0233333 0.84687
0 0.68675 0.298667 0.0145 0.028 0.846943
0 0.49175 0.744333 0.0175 0.014 0.847057
0 0.311 0.530333 0.013 0.022 0.847141
0 0.62475 0.384333 0.0165 0.0166667 0.847142
0 0.34675 0.536 0.0135 0.02 0.847142
0 0.56525 0.390333 0.0135 0.022 0.847144
0 0.615 0.404333 0.011 0.018 0.847169
0 0.3795 0.578 0.021 0.0146667 0.847408
0 0.1145 0.447 0.015 0.026 0.847417
0 0.4425 0.526667 0.021 0.012 0.847803
0 0.679 0.704 0.016 0.0186667 0.847871
0 0.614 0.778667 0.019 0.0133333 0.848772
0 0.55775 0.508333 0.0135 0.0206667 0.849225
0 0.46 0.608 0.021 0.0133333 0.84935
0 0.343 0.495333 0.021 0.012 0.849475
0 0.64825 0.441667 0.0205 0.0126667 0.84986
0 0.5225 0.786 0.014 0.0173333 0.849979
0 0.381 0.446 0.014 0.0213333 0.849987
0 0.349 0.514333 0.012 0.0206667 0.850273
0 0.5745 0.567333 0.011 0.0173333 0.850374
0 0.37025 0.358667 0.0195 0.0146667 0.850957
0 0.582 0.551333 0.017 0.0146667 0.851189
0 0.43525 0.507667 0.0135 0.0193333 0.85142
0 0.27025 0.814333 0.0215 0.014 0.851691
0 0.54075 0.566 0.0165 0.0173333 0.851718
0 0.303 0.528 0.013 0.0226667 0.851739
0 0.612 0.791333 0.022 0.012 0.851882
0 0.48225 0.69 0.0155 0.02 0.85195
0 0.56975 0.780333 0.0205 0.014 0.852155
0 0.63475 0.511333 0.0215 0.0133333 0.852288
0 0.15725 0.496667 0.0195 0.012 0.852565
0 0.27425 0.540667 0.0155 0.0213333 0.852783
0 0.478 0.74 0.011 0.024 0.853192
0 0.42025 0.343333 0.0185 0.016 0.853291
0 0.625 0.223667 0.018 0.0166667 0.853338
0 0.55425 0.394333 0.0095 0.018 0.854115
0 0.42875 0.812667 0.0135 0.02 0.854367
0 0.53475 0.591333 0.0165 0.0133333 0.854382
0 0.26025 0.538 0.0165 0.0173333 0.854752
0 0.54025 0.742 0.0105 0.0213333 0.854753
0 0.22175 0.416 0.0125 0.0226667 0.854808
0 0.555 0.273333 0.011 0.0253333 0.855001
0 0.51925 0.472 0.0185 0.012 0.855552
0 0.53575 0.378 0.0235 0.012 0.85559
0 0.556 0.626 0.017 0.0213333 0.855695
0 0.58175 0.733667 0.0185 0.014 0.855885
0 0.598 0.313 0.021 0.0113333 0.856352
0 0.59575 0.574667 0.0185 0.0146667 0.856553
0 0.56225 0.247667 0.0125 0.022 0.857006
0 0.41825 0.814333 0.0125 0.026 0.857545
0 0.47675 0.698 0.0165 0.0186667 0.857766
0 0.30225 0.732 0.0195 0.012 0.85807
0 0.52475 0.732333 0.0205 0.0126667 0.858148
0 0.79275 0.197667 0.0165 0.0246667 0.858413
0 0.6515 0.802667 0.011 0.0266667 0.858783
0 0.574 0.752 0.021 0.0146667 0.858986
0 0.74625 0.546333 0.0135 0.026 0.859035
0 0.2635 0.567667 0.014 0.0246667 0.859055
0 0.3725 0.463 0.02 0.0113333 0.859297
0 0.5265 0.770667 0.013 0.0213333 0.859728
0 0.52275 0.809 0.0195 0.0126667 0.859755
0 0.50125 0.224667 0.0205 0.012 0.859983
0 0.55 0.723333 0.016 0.0146667 0.860479
0 0.4535 0.767667 0.018 0.014 0.860493
0 0.38225 0.629667 0.0105 0.0273333 0.861104
0 0.6115 0.692 0.018 0.0146667 0.861373
0 0.52875 0.568 0.0175 0.012 0.861786
0 0.6605 0.547333 0.012 0.024 0.861879
0 0.42175 0.286333 0.0115 0.022 0.862387
0 0.44475 0.801333 0.0125 0.0266667 0.862436
0 0.771 0.514333 0.012 0.0233333 0.862542
0 0.6835 0.687667 0.016 0.0153333 0.862875
0 0.3615 0.439333 0.021 0.0146667 0.862998
0 0.40025 0.351667 0.0185 0.0166667 0.863041
0 0.417 0.650667 0.017 0.0146667 0.863237
0 0.29375 0.517 0.0185 0.0126667 0.86325
0 0.7145 0.447333 0.02 0.0146667 0.863879
0 0.35275 0.556667 0.0195 0.0133333 0.863973
0 0.75825 0.532333 0.0225 0.0126667 0.864075
0 0.7435 0.489 0.018 0.0166667 0.864128
0 0.42825 0.758667 0.0195 0.012 0.86448
0 0.40975 0.222667 0.0185 0.016 0.864955
0 0.55925 0.638 0.0155 0.0173333 0.865656
0 0.478 0.326333 0.02 0.014 0.866449
0 0.5795 0.473 0.02 0.014 0.866557
0 0.70725 0.391 0.0215 0.0126667 0.86667
0 0.6385 0.562333 0.012 0.0233333 0.86673
0 0.28925 0.601667 0.0195 0.0126667 0.867056
0 0.158 0.510667 0.02 0.012 0.867153
0 0.592 0.666667 0.011 0.0253333 0.867334
0 0.52225 0.413333 0.0135 0.0186667 0.867451
0 0.5215 0.428 0.017 0.0173333 0.867604
0 0.61525 0.676 0.0155 0.016 0.867842
0 0.43975 0.327667 0.0175 0.0206667 0.867891
0 0.534 0.363667 0.021 0.014 0.867917
0 0.5715 0.443667 0.018 0.0153333 0.868168
0 0.6375 0.688333 0.02 0.0166667 0.868887
0 0.56975 0.840333 0.0135 0.0273333 0.869191
0 0.626 0.524 0.021 0.0146667 0.869202
0 0.5725 0.652667 0.015 0.0213333 0.869296
0 0.34175 0.763 0.0165 0.014 0.869415
0 0.082 0.523667 0.013 0.0246667 0.869539
0 0.5405 0.546667 0.011 0.0253333 0.869748
0 0.579 0.584333 0.017 0.0193333 0.869758
0 0.629 0.243 0.017 0.0166667 0.870367
0 0.46075 0.885667 0.0135 0.0246667 0.870375
0 0.7895 0.521667 0.018 0.0206667 0.870486
0 0.114 0.368333 0.018 0.026 0.871001
0 0.82925 0.302333 0.0145 0.0286667 0.871207
0 0.63925 0.483333 0.0205 0.012 0.87124
0 0.20125 0.852333 0.0235 0.014 0.871665
0 0.4335 0.481333 0.013 0.0253333 0.871939
0 0.48825 0.432333 0.0125 0.0246667 0.871966
0 0.58675 0.444667 0.0175 0.0173333 0.871994
0 0.28825 0.41 0.0225 0.0173333 0.872
0 0.78775 0.438667 0.0115 0.0213333 0.872493
0 0.66025 0.608667 0.0135 0.028 0.872506
0 0.5645 0.697667 0.017 0.018 0.872524
0 0.5015 0.758 0.012 0.0213333 0.872658
0 0.18425 0.286 0.0115 0.0253333 0.872772
0 0.45875 0.537333 0.0175 0.016 0.873314
0 0.17575 0.511 0.0215 0.014 0.87345
0 0.72825 0.535 0.0205 0.0113333 0.873607
0 0.43625 0.540667 0.0135 0.02 0.873695
0 0.33425 0.446333 0.0155 0.0193333 0.873853
0 0.4705 0.77 0.011 0.0226667 0.873955
0 0.65 0.719 0.02 0.0153333 0.874594
0 0.36775 0.668667 0.0225 0.0146667 0.874769
0 0.366 0.719667 0.021 0.014 0.875088
0 0.4485 0.385 0.021 0.0153333 0.87519
0 0.39175 0.699 0.0195 0.0166667 0.87533
0 0.27175 0.447667 0.0115 0.022 0.875333
0 0.60275 0.563667 0.0125 0.0233333 0.875478
0 0.39025 0.467333 0.0165 0.0173333 0.875661
0 0.6205 0.708333 0.012 0.0233333 0.875795
0 0.3865 0.648333 0.017 0.01 0.875896
0 0.2315 0.546 0.021 0.0133333 0.875942
0 0.317 0.754 0.023 0.0146667 0.876181
0 0.53575 0.510333 0.0195 0.0166667 0.876328
0 0.396 0.490667 0.021 0.016 0.876431
0 0.58425 0.696333 0.0125 0.0193333 0.876896
0 0.2925 0.716333 0.017 0.0206667 0.876955
0 0.71075 0.717 0.0205 0.014 0.87727
0 0.51825 0.744333 0.0195 0.0113333 0.878273
0 0.52725 0.522667 0.0185 0.012 0.878403
0 0.4515 0.366333 0.017 0.0166667 0.879292
0 0.4005 0.721 0.017 0.0206667 0.879842
0 0.1765 0.528667 0.019 0.0173333 0.880088
0 0.3845 0.795667 0.019 0.0153333 0.880447
0 0.5345 0.447 0.015 0.0126667 0.880452
0 0.52025 0.387667 0.0135 0.0233333 0.880759
0 0.25375 0.599333 0.0135 0.0226667 0.880921
0 0.27875 0.530667 0.0175 0.0213333 0.881121
0 0.59975 0.404 0.0155 0.0186667 0.882624
0 0.75925 0.351667 0.0185 0.0273333 0.882743
0 0.4415 0.836667 0.022 0.0146667 0.88308
0 0.44025 0.770333 0.0165 0.0153333 0.883114
0 0.66925 0.348333 0.0165 0.018 0.883525
0 0.6335 0.765667 0.019 0.018 0.88366
0 0.47325 0.383 0.0125 0.0246667 0.883667
0 0.34625 0.785333 0.0115 0.024 0.884008
0 0.3675 0.646 0.015 0.0213333 0.884183
0 0.61825 0.567333 0.0135 0.024 0.88555
0 0.06425 0.517333 0.0195 0.0173333 0.885589
0 0.556 0.653333 0.019 0.016 0.885719
0 0.07975 0.648667 0.0195 0.0173333 0.885762
0 0.55975 0.426667 0.0175 0.0146667 0.886478
0 0.466 0.8 0.014 0.024 0.886491
0 0.40425 0.821667 0.0185 0.018 0.887152
0 0.73825 0.519333 0.0175 0.0186667 0.887529
0 0.40375 0.767333 0.0185 0.0186667 0.887604
0 0.34275 0.441 0.0175 0.0193333 0.889031
0 0.60875 0.729667 0.0215 0.0166667 0.889101
0 0.2985 0.552 0.017 0.0173333 0.89013
0 0.569 0.706 0.013 0.016 0.890913
0 0.63875 0.322667 0.0125 0.028 0.891462
0 0.3555 0.597667 0.011 0.026 0.891584
0 0.46 0.426 0.015 0.0266667 0.895299
0 0.27225 0.841 0.0125 0.026 0.897579
0 0.52925 0.326667 0.0185 0.02 0.900992
0 0.36275 0.536333 0.0165 0.0206667 0.902369
0 0.377 0.78 0.016 0.0173333 0.909182
0 0.41975 0.635333 0.0125 0.0186667 0.912596
