0 0.4685 0.43 0.014 0.008 0.505849
0 0.489 0.490333 0.015 0.01 0.517648
0 0.46875 0.546333 0.0095 0.018 0.528059
0 0.5155 0.492 0.009 0.0173333 0.532424
0 0.5475 0.437667 0.011 0.0126667 0.53391
0 0.5115 0.437 0.012 0.014 0.535759
0 0.6005 0.522333 0.01 0.018 0.540263
0 0.41375 0.442 0.0105 0.02 0.541498
0 0.51 0.449 0.014 0.014 0.549212
0 0.38 0.596 0.011 0.016 0.551402
0 0.5255 0.446667 0.008 0.0133333 0.55331
0 0.488 0.443333 0.014 0.0146667 0.553483
0 0.33825 0.627333 0.0135 0.0133333 0.553795
0 0.393 0.497333 0.013 0.0146667 0.560156
0 0.4405 0.195333 0.016 0.0186667 0.568281
0 0.425 0.494 0.015 0.0146667 0.573856
0 0.3605 0.452 0.009 0.02 0.574014
0 0.53225 0.620333 0.0145 0.0166667 0.574673
0 0.46175 0.488667 0.0125 0.0146667 0.574947
0 0.4575 0.543 0.015 0.01 0.575411
0 0.5255 0.494 0.011 0.0133333 0.575576
0 0.63525 0.657667 0.0195 0.0113333 0.584677
0 0.613 0.470667 0.011 0.02 0.594764
0 0.5055 0.464 0.009 0.02 0.596845
0 0.41975 0.480333 0.0135 0.0153333 0.606112
0 0.47675 0.445333 0.0135 0.0146667 0.607005
0 0.448 0.524333 0.013 0.00866667 0.611791
0 0.466 0.506 0.016 0.012 0.619205
0 0.427 0.523333 0.009 0.016 0.633902
0 0.42725 0.861333 0.0135 0.0146667 0.644343
0 0.4325 0.431333 0.017 0.0133333 0.647167
0 0.392 0.687333 0.016 0.012 0.652572
0 0.4465 0.585667 0.011 0.0126667 0.652932
0 0.564 0.475 0.013 0.0126667 0.653364
0 0.30475 0.575333 0.0095 0.0186667 0.654027
0 0.40125 0.494 0.0135 0.0186667 0.655853
0 0.344 0.543333 0.014 0.016 0.65776
0 0.33325 0.509667 0.0075 0.0166667 0.661514
0 0.45275 0.550333 0.0155 0.0113333 0.663883
0 0.375 0.515333 0.01 0.02 0.664079
0 0.461 0.724333 0.012 0.018 0.665181
0 0.52975 0.518333 0.0085 0.0193333 0.667122
0 0.48725 0.510667 0.0115 0.016 0.668792
0 0.4925 0.457333 0.013 0.00933333 0.669754
0 0.43625 0.554 0.0135 0.00933333 0.670728
0 0.4665 0.517333 0.015 0.016 0.671592
0 0.388 0.563 0.01 0.018 0.672621
0 0.4775 0.534333 0.014 0.0113333 0.675118
0 0.52825 0.46 0.0125 0.0106667 0.678632
0 0.4755 0.794667 0.013 0.0186667 0.678943
0 0.41675 0.549667 0.0115 0.0233333 0.679567
0 0.1005 0.536 0.024 0.0213333 0.679773
0 0.4235 0.681 0.012 0.0166667 0.680105
0 0.37175 0.609 0.0155 0.0113333 0.680975
0 0.39925 0.608667 0.0165 0.012 0.683521
0 0.385 0.472333 0.01 0.018 0.684269
0 0.428 0.541667 0.01 0.0166667 0.687903
0 0.3835 0.507667 0.013 0.0193333 0.689553
0 0.6145 0.518333 0.008 0.0206667 0.69041
0 0.09875 0.542 0.0135 0.0106667 0.690932
0 0.42275 0.206667 0.0115 0.0146667 0.695256
0 0.5455 0.46 0.011 0.0173333 0.697119
0 0.49725 0.467667 0.0095 0.0166667 0.697501
0 0.4815 0.546333 0.015 0.0113333 0.699524
0 0.661 0.87 0.013 0.0213333 0.703235
0 0.49625 0.522 0.0075 0.0186667 0.704357
0 0.40825 0.792 0.0115 0.0186667 0.705931
0 0.52925 0.467333 0.0175 0.012 0.706172
0 0.4535 0.515667 0.017 0.01 0.706234
0 0.55625 0.582333 0.0145 0.01 0.707574
0 0.334 0.542 0.01 0.0146667 0.709831
0 0.4595 0.531 0.016 0.0113333 0.709927
0 0.32925 0.592667 0.0155 0.0106667 0.712272
0 0.4335 0.515667 0.01 0.018 0.713104
0 0.45225 0.505333 0.0135 0.0106667 0.71314
0 0.4465 0.498667 0.012 0.008 0.71328
0 0.3595 0.614667 0.009 0.0266667 0.715912
0 0.4065 0.442333 0.01 0.0273333 0.716228
0 0.478 0.555 0.015 0.01 0.716381
0 0.85175 0.538333 0.0115 0.0273333 0.717136
0 0.453 0.389667 0.015 0.0113333 0.718962
0 0.47975 0.452667 0.0135 0.0133333 0.722717
0 0.42975 0.827333 0.0135 0.0173333 0.723397
0 0.44475 0.47 0.0075 0.0173333 0.72348
0 0.51 0.502 0.009 0.016 0.723865
0 0.433 0.469333 0.013 0.0173333 0.724246
0 0.326 0.515333 0.008 0.0173333 0.724291
0 0.26525 0.555333 0.0115 0.0186667 0.724439
0 0.4315 0.500333 0.016 0.014 0.724494
0 0.49275 0.554333 0.0145 0.014 0.724662
0 0.537 0.532333 0.009 0.018 0.728007
0 0.50025 0.434667 0.0155 0.0146667 0.728758
0 0.44 0.656 0.014 0.0186667 0.729168
0 0.41775 0.472333 0.0145 0.014 0.730364
0 0.50025 0.423333 0.0215 0.0106667 0.731282
0 0.53125 0.607667 0.0115 0.026 0.734385
0 0.4615 0.455 0.01 0.018 0.734612
0 0.36775 0.51 0.0125 0.012 0.736701
0 0.29075 0.566667 0.0145 0.02 0.737544
0 0.62025 0.516333 0.0105 0.0233333 0.738829
0 0.37575 0.451667 0.0125 0.018 0.739356
0 0.42775 0.623333 0.0095 0.02 0.740779
0 0.51625 0.53 0.0155 0.00933333 0.742238
0 0.5445 0.476333 0.011 0.018 0.742413
0 0.5555 0.431667 0.01 0.026 0.743944
0 0.3685 0.489333 0.013 0.0146667 0.744103
0 0.7925 0.458 0.017 0.0146667 0.744817
0 0.375 0.591 0.009 0.0193333 0.745882
0 0.41425 0.51 0.0105 0.0186667 0.746674
0 0.5035 0.525 0.011 0.0153333 0.747855
0 0.4915 0.481667 0.015 0.01 0.747991
0 0.4215 0.824 0.011 0.0213333 0.748102
0 0.4125 0.497667 0.014 0.0126667 0.748289
0 0.34825 0.517667 0.0125 0.0126667 0.751971
0 0.47675 0.476667 0.0125 0.012 0.751978
0 0.64825 0.663 0.0155 0.0153333 0.752388
0 0.2935 0.691667 0.011 0.0206667 0.753101
0 0.65725 0.883667 0.0115 0.0246667 0.753915
0 0.536 0.507667 0.019 0.0126667 0.754378
0 0.48875 0.535 0.0145 0.0126667 0.754904
0 0.4445 0.625 0.009 0.018 0.755151
0 0.607 0.522 0.008 0.02 0.755207
0 0.543 0.429667 0.014 0.0166667 0.756764
0 0.77175 0.529 0.0155 0.014 0.757719
0 0.51725 0.452333 0.0115 0.0193333 0.758554
0 0.3985 0.593 0.015 0.01 0.759182
0 0.45775 0.807 0.0235 0.0113333 0.759434
0 0.16975 0.587 0.0125 0.0246667 0.760718
0 0.78975 0.486 0.0125 0.0173333 0.760746
0 0.549 0.485333 0.012 0.016 0.76097
0 0.19475 0.574 0.0135 0.02 0.761058
0 0.417 0.533 0.016 0.0126667 0.761132
0 0.3585 0.548333 0.013 0.018 0.761314
0 0.37025 0.481333 0.0155 0.016 0.76141
0 0.52025 0.427667 0.0155 0.0113333 0.761591
0 0.4255 0.434333 0.016 0.0113333 0.762041
0 0.4015 0.525 0.01 0.0206667 0.762077
0 0.33925 0.488 0.0155 0.0106667 0.762321
0 0.40875 0.587333 0.0115 0.0173333 0.76405
0 0.51625 0.518 0.0175 0.012 0.764087
0 0.47525 0.433667 0.0165 0.0113333 0.764467
0 0.437 0.857667 0.01 0.0193333 0.765159
0 0.50475 0.542 0.0155 0.0133333 0.766605
0 0.338 0.496667 0.018 0.0106667 0.767224
0 0.662 0.645667 0.009 0.018 0.768434
0 0.3125 0.514333 0.011 0.0193333 0.768824
0 0.36325 0.587333 0.0155 0.012 0.769426
0 0.60625 0.486333 0.0135 0.0193333 0.771351
0 0.411 0.463667 0.02 0.00866667 0.771493
0 0.4365 0.628667 0.01 0.028 0.77215
0 0.36475 0.444 0.0115 0.016 0.772269
0 0.39125 0.536667 0.0135 0.016 0.772489
0 0.37025 0.558333 0.0135 0.0113333 0.77315
0 0.8485 0.243667 0.019 0.0193333 0.775526
0 0.51825 0.433333 0.0145 0.012 0.776381
0 0.49075 0.499 0.0155 0.0113333 0.777899
0 0.3145 0.538333 0.015 0.0153333 0.779144
0 0.45475 0.461667 0.0145 0.0153333 0.779413
0 0.6335 0.689667 0.009 0.0166667 0.780033
0 0.42825 0.209667 0.0135 0.0166667 0.780175
0 0.36625 0.463667 0.0125 0.0166667 0.780448
0 0.48725 0.464333 0.0145 0.014 0.781501
0 0.703 0.500667 0.013 0.02 0.782803
0 0.3895 0.468667 0.011 0.016 0.783193
0 0.365 0.710667 0.018 0.0106667 0.783265
0 0.55125 0.495 0.0135 0.0166667 0.784656
0 0.52575 0.534667 0.0145 0.0133333 0.784692
0 0.4445 0.855333 0.01 0.024 0.784821
0 0.38175 0.800667 0.0125 0.016 0.78489
0 0.413 0.623 0.009 0.018 0.7872
0 0.4265 0.483667 0.015 0.0126667 0.789816
0 0.445 0.57 0.01 0.0186667 0.79036
0 0.48325 0.864667 0.0155 0.012 0.790719
0 0.33875 0.255333 0.0195 0.0106667 0.791017
0 0.62275 0.664333 0.0105 0.018 0.791213
0 0.91175 0.294333 0.0145 0.014 0.792442
0 0.35025 0.53 0.0155 0.0106667 0.792658
0 0.33925 0.517 0.0085 0.0153333 0.792999
0 0.3645 0.495 0.014 0.014 0.793039
0 0.39375 0.696 0.0175 0.012 0.795613
0 0.56575 0.714667 0.0105 0.024 0.795695
0 0.46875 0.380667 0.0105 0.016 0.7957
0 0.3295 0.528667 0.015 0.0146667 0.79656
0 0.5095 0.474333 0.016 0.0166667 0.796579
0 0.4475 0.703333 0.014 0.016 0.79676
0 0.556 0.469 0.015 0.014 0.796927
0 0.16375 0.592 0.0105 0.02 0.796927
0 0.552 0.454 0.013 0.016 0.797061
0 0.26175 0.757667 0.0105 0.022 0.797667
0 0.33625 0.603667 0.0195 0.01 0.799308
0 0.469 0.215667 0.01 0.0206667 0.799373
0 0.43325 0.563 0.0155 0.00866667 0.799417
0 0.45325 0.682333 0.0175 0.0126667 0.800248
0 0.40225 0.481333 0.0115 0.0186667 0.800497
0 0.46475 0.469333 0.0145 0.0106667 0.800935
0 0.34375 0.890333 0.0135 0.022 0.801233
0 0.3235 0.265333 0.014 0.0186667 0.802008
0 0.38625 0.543667 0.0145 0.018 0.802391
0 0.33875 0.242333 0.0205 0.0126667 0.802867
0 0.36625 0.536667 0.0145 0.0133333 0.802891
0 0.096 0.556667 0.013 0.016 0.803122
0 0.49225 0.652 0.0125 0.0226667 0.803693
0 0.281 0.598 0.013 0.0213333 0.80371
0 0.462 0.440333 0.015 0.01 0.803794
0 0.554 0.511 0.014 0.018 0.803938
0 0.48325 0.644 0.0115 0.0226667 0.804276
0 0.4215 0.625 0.008 0.018 0.804456
0 0.54375 0.545 0.0165 0.0126667 0.804746
0 0.5715 0.381333 0.011 0.0266667 0.805144
0 0.784 0.511667 0.009 0.0206667 0.806547
0 0.4995 0.641 0.009 0.018 0.80685
0 0.37975 0.810667 0.0155 0.02 0.806874
0 0.4765 0.856 0.021 0.0106667 0.807297
0 0.55775 0.534 0.0145 0.02 0.807437
0 0.47825 0.469 0.0135 0.014 0.807543
0 0.47675 0.677667 0.0155 0.022 0.807544
0 0.4515 0.623333 0.01 0.0226667 0.807996
0 0.08275 0.544 0.0185 0.0133333 0.808117
0 0.72 0.869667 0.017 0.0206667 0.808626
0 0.382 0.492333 0.015 0.0126667 0.808847
0 0.366 0.598 0.016 0.0133333 0.809479
0 0.44675 0.451333 0.0125 0.02 0.809723
0 0.67925 0.473667 0.0125 0.0166667 0.8099
0 0.56225 0.388667 0.0115 0.0213333 0.810678
0 0.6445 0.515333 0.019 0.012 0.810886
0 0.5645 0.515667 0.011 0.018 0.811662
0 0.65625 0.650333 0.0085 0.022 0.811869
0 0.6445 0.647 0.019 0.0126667 0.813149
0 0.35825 0.717667 0.0145 0.0126667 0.813234
0 0.56975 0.630333 0.0155 0.0126667 0.813643
0 0.554 0.605333 0.012 0.02 0.813703
0 0.37925 0.524333 0.0145 0.0166667 0.813855
0 0.0745 0.533 0.014 0.0153333 0.814172
0 0.396 0.860333 0.01 0.0206667 0.814934
0 0.50525 0.487667 0.0155 0.01 0.815106
0 0.84475 0.543333 0.0105 0.0226667 0.815746
0 0.28075 0.696 0.0175 0.00933333 0.81591
0 0.25775 0.56 0.0115 0.0186667 0.815935
0 0.54375 0.520333 0.0155 0.0126667 0.81601
0 0.40675 0.634 0.0105 0.0226667 0.816041
0 0.51375 0.641 0.0105 0.0233333 0.81629
0 0.4395 0.798667 0.016 0.0106667 0.816381
0 0.60275 0.904667 0.0115 0.0293333 0.816392
0 0.416 0.856 0.019 0.012 0.816721
0 0.36225 0.523667 0.0165 0.014 0.817233
0 0.55175 0.670333 0.0175 0.0153333 0.817604
0 0.615 0.681333 0.011 0.0213333 0.817924
0 0.7165 0.491 0.016 0.014 0.818023
0 0.922 0.304667 0.019 0.0133333 0.818432
0 0.46875 0.718667 0.0105 0.02 0.818764
0 0.64175 0.690667 0.0145 0.0173333 0.818852
0 0.536 0.441 0.014 0.0113333 0.819208
0 0.4955 0.440333 0.015 0.0166667 0.819463
0 0.53925 0.564333 0.0165 0.0113333 0.81968
0 0.795 0.494 0.016 0.0213333 0.819849
0 0.7785 0.524 0.016 0.0173333 0.819981
0 0.3945 0.616 0.016 0.016 0.820137
0 0.5515 0.590667 0.017 0.0106667 0.820579
0 0.39175 0.804667 0.0125 0.02 0.821183
0 0.36175 0.697333 0.0125 0.016 0.82141
0 0.833 0.456 0.016 0.0186667 0.821639
0 0.3765 0.474333 0.013 0.018 0.821676
0 0.91875 0.288 0.0165 0.0186667 0.821793
0 0.43975 0.764667 0.0175 0.0186667 0.821913
0 0.54875 0.534667 0.0145 0.0133333 0.822087
0 0.32275 0.691333 0.0165 0.0173333 0.82212
0 0.54525 0.604667 0.0115 0.02 0.822354
0 0.5755 0.615333 0.012 0.0173333 0.822794
0 0.3045 0.559333 0.016 0.012 0.822964
0 0.4955 0.838667 0.016 0.0173333 0.823647
0 0.45575 0.795333 0.0185 0.012 0.824187
0 0.56525 0.269333 0.0105 0.0226667 0.824935
0 0.68225 0.487667 0.0115 0.0193333 0.825026
0 0.62525 0.444333 0.0115 0.0206667 0.825124
0 0.89875 0.289333 0.0175 0.016 0.825358
0 0.49 0.590667 0.013 0.02 0.825412
0 0.644 0.529 0.015 0.018 0.825576
0 0.5725 0.603 0.021 0.01 0.82569
0 0.43275 0.844667 0.0155 0.0133333 0.825889
0 0.38075 0.563 0.0115 0.0206667 0.826695
0 0.62175 0.492667 0.0095 0.0186667 0.827651
0 0.2665 0.770333 0.012 0.022 0.827719
0 0.4205 0.581333 0.01 0.0226667 0.828605
0 0.7175 0.479 0.019 0.0126667 0.82959
0 0.6105 0.667333 0.015 0.0106667 0.829943
0 0.36925 0.298667 0.0165 0.0106667 0.830468
0 0.50625 0.624 0.0155 0.0213333 0.830759
0 0.421 0.840667 0.016 0.0106667 0.831103
0 0.609 0.784667 0.019 0.0213333 0.831653
0 0.80325 0.498667 0.0155 0.0173333 0.831885
0 0.1895 0.569 0.012 0.022 0.832544
0 0.6455 0.502667 0.018 0.0146667 0.833203
0 0.4695 0.799667 0.015 0.0166667 0.833316
0 0.794 0.519333 0.014 0.0186667 0.833363
0 0.6335 0.674333 0.014 0.014 0.833681
0 0.5025 0.505 0.009 0.0206667 0.833793
0 0.32975 0.629333 0.0155 0.0173333 0.834412
0 0.328 0.552667 0.009 0.02 0.834521
0 0.44375 0.595667 0.0165 0.0126667 0.834626
0 0.6005 0.546667 0.018 0.0106667 0.834661
0 0.4535 0.475333 0.013 0.016 0.834703
0 0.6115 0.655 0.018 0.014 0.834858
0 0.30475 0.521667 0.0135 0.018 0.836048
0 0.41775 0.675333 0.0155 0.0186667 0.836317
0 0.66975 0.493333 0.0185 0.012 0.836491
0 0.459 0.398333 0.013 0.0113333 0.837114
0 0.065 0.526333 0.012 0.0193333 0.837307
0 0.39075 0.728 0.0125 0.0226667 0.837628
0 0.42675 0.795 0.0125 0.018 0.837657
0 0.06275 0.871667 0.0195 0.014 0.837658
0 0.63525 0.526 0.0125 0.0133333 0.837684
0 0.51075 0.347 0.0145 0.0193333 0.83779
0 0.77175 0.483333 0.0125 0.0173333 0.838506
0 0.7075 0.690333 0.019 0.0113333 0.838809
0 0.3945 0.576333 0.009 0.0193333 0.839091
0 0.498 0.549333 0.016 0.0133333 0.839159
0 0.27475 0.686 0.0155 0.012 0.839314
0 0.6305 0.485333 0.011 0.024 0.83949
0 0.529 0.551333 0.017 0.0106667 0.839491
0 0.57275 0.505 0.0115 0.022 0.839579
0 0.46025 0.558333 0.0155 0.01 0.839996
0 0.31425 0.565333 0.0105 0.0186667 0.840176
0 0.744 0.476 0.021 0.012 0.840201
0 0.354 0.562667 0.013 0.0186667 0.840249
0 0.61325 0.906 0.0145 0.0186667 0.840411
0 0.44025 0.539 0.0155 0.014 0.84044
0 0.31125 0.545667 0.0155 0.0166667 0.840553
0 0.254 0.584 0.018 0.0173333 0.840557
0 0.69725 0.654 0.0105 0.0213333 0.84084
0 0.17175 0.555333 0.0195 0.02 0.8411
0 0.58325 0.619667 0.0115 0.0206667 0.841262
0 0.398 0.551 0.013 0.0193333 0.841651
0 0.477 0.845 0.019 0.0113333 0.841856
0 0.4415 0.487 0.016 0.0153333 0.842082
0 0.2585 0.577 0.015 0.014 0.842225
0 0.552 0.683 0.02 0.0126667 0.842327
0 0.783 0.459333 0.01 0.0186667 0.842394
0 0.4025 0.752667 0.012 0.02 0.842469
0 0.50325 0.670667 0.0095 0.0226667 0.842578
0 0.4235 0.597667 0.018 0.014 0.842657
0 0.272 0.612 0.019 0.012 0.842668
0 0.34775 0.899667 0.0125 0.0206667 0.842978
0 0.47725 0.819333 0.0125 0.024 0.844078
0 0.439 0.699333 0.016 0.012 0.844752
0 0.691 0.511333 0.014 0.0226667 0.84476
0 0.4215 0.695 0.015 0.0126667 0.845174
0 0.894 0.281 0.02 0.014 0.845201
0 0.666 0.482 0.02 0.0133333 0.845346
0 0.5325 0.492333 0.015 0.0153333 0.845772
0 0.49325 0.865667 0.0155 0.0193333 0.845867
0 0.67175 0.858333 0.0145 0.0246667 0.845926
0 0.43325 0.711333 0.0165 0.0106667 0.845941
0 0.59 0.479333 0.01 0.024 0.846052
0 0.50725 0.649667 0.0095 0.0193333 0.846257
0 0.3435 0.479333 0.015 0.0106667 0.846359
0 0.0475 0.533 0.015 0.0193333 0.846519
0 0.8405 0.255 0.02 0.01 0.846629
0 0.24925 0.507667 0.0115 0.022 0.84709
0 0.02475 0.840667 0.0195 0.0133333 0.847184
0 0.25775 0.685333 0.0115 0.0253333 0.847222
0 0.461 0.633333 0.01 0.02 0.847299
0 0.1335 0.605 0.019 0.0153333 0.847499
0 0.33975 0.591667 0.0165 0.0153333 0.847554
0 0.665 0.469 0.02 0.0113333 0.847601
0 0.439 0.788667 0.018 0.012 0.848234
0 0.40325 0.8 0.0115 0.0226667 0.848445
0 0.54225 0.629333 0.0095 0.024 0.848709
0 0.2195 0.899667 0.01 0.0233333 0.848747
0 0.79775 0.474 0.0145 0.02 0.848927
0 0.3725 0.829 0.018 0.0113333 0.848957
0 0.89125 0.467333 0.0125 0.0213333 0.849091
0 0.43375 0.676 0.0125 0.02 0.849731
0 0.367 0.57 0.019 0.0106667 0.850536
0 0.88 0.469333 0.019 0.0186667 0.850619
0 0.2715 0.625333 0.019 0.0133333 0.850661
0 0.33525 0.572667 0.0115 0.02 0.850706
0 0.347 0.675333 0.018 0.0146667 0.850739
0 0.1895 0.589333 0.013 0.0213333 0.85086
0 0.33325 0.302333 0.0145 0.0206667 0.850981
0 0.602 0.638667 0.01 0.024 0.851573
0 0.4685 0.825667 0.009 0.0246667 0.85175
0 0.73625 0.513 0.0195 0.0126667 0.851941
0 0.4595 0.583333 0.017 0.0106667 0.852191
0 0.453 0.723667 0.012 0.0193333 0.852406
0 0.894 0.572 0.02 0.012 0.852429
0 0.4675 0.246333 0.016 0.0113333 0.852439
0 0.78475 0.162333 0.0125 0.0246667 0.852537
0 0.80775 0.509333 0.0155 0.0186667 0.852647
0 0.33625 0.819333 0.0145 0.0173333 0.852771
0 0.57325 0.473333 0.0115 0.0186667 0.852807
0 0.76625 0.475333 0.0175 0.016 0.852978
0 0.46425 0.738333 0.0145 0.0193333 0.853846
0 0.40575 0.829667 0.0135 0.0193333 0.854188
0 0.31675 0.498 0.0205 0.0106667 0.854363
0 0.44975 0.712333 0.0155 0.014 0.854394
0 0.76975 0.538 0.0195 0.0133333 0.854525
0 0.40825 0.706333 0.0135 0.0273333 0.854595
0 0.5745 0.639 0.015 0.0166667 0.855242
0 0.58975 0.459667 0.0205 0.0113333 0.855413
0 0.72625 0.877 0.0135 0.0206667 0.855607
0 0.56675 0.614333 0.0155 0.0113333 0.855648
0 0.2295 0.889667 0.015 0.0206667 0.855799
0 0.7715 0.505667 0.022 0.014 0.855871
0 0.39425 0.330333 0.0145 0.022 0.855872
0 0.32725 0.858 0.0165 0.0146667 0.856156
0 0.54575 0.709667 0.0105 0.0246667 0.856356
0 0.571 0.569667 0.011 0.0193333 0.856372
0 0.289 0.551333 0.013 0.02 0.856403
0 0.71375 0.647333 0.0195 0.0146667 0.856431
0 0.2735 0.588 0.016 0.012 0.8565
0 0.50675 0.747333 0.0205 0.0146667 0.856973
0 0.444 0.772667 0.014 0.0173333 0.857153
0 0.4755 0.572333 0.014 0.0193333 0.857322
0 0.277 0.861333 0.021 0.0146667 0.857465
0 0.46625 0.393667 0.0165 0.0166667 0.857512
0 0.6895 0.689667 0.021 0.0126667 0.857588
0 0.395 0.824333 0.016 0.0153333 0.857597
0 0.6595 0.509333 0.016 0.0146667 0.857949
0 0.55775 0.719667 0.0115 0.0233333 0.858077
0 0.14025 0.615 0.0165 0.0166667 0.858092
0 0.12975 0.516333 0.0175 0.018 0.858275
0 0.68075 0.583333 0.0195 0.0133333 0.858315
0 0.4475 0.192667 0.012 0.0213333 0.85926
0 0.33925 0.639333 0.0165 0.016 0.859269
0 0.38975 0.316667 0.0195 0.012 0.85928
0 0.56375 0.458 0.0165 0.0146667 0.859363
0 0.475 0.875 0.019 0.0113333 0.859406
0 0.63625 0.544 0.0215 0.012 0.8599
0 0.56425 0.489333 0.0155 0.016 0.860014
0 0.56025 0.896333 0.0105 0.026 0.860191
0 0.619 0.709 0.013 0.022 0.860208
0 0.5975 0.559 0.021 0.0113333 0.860275
0 0.68375 0.653667 0.0115 0.0206667 0.860405
0 0.673 0.656667 0.009 0.02 0.860623
0 0.403 0.266667 0.012 0.0226667 0.860691
0 0.434 0.2 0.017 0.0133333 0.860788
0 0.431 0.317667 0.017 0.0113333 0.860797
0 0.546 0.836333 0.018 0.0153333 0.860885
0 0.514 0.556667 0.015 0.0186667 0.860948
0 0.87875 0.565333 0.0125 0.0226667 0.861014
0 0.365 0.347 0.011 0.0206667 0.861102
0 0.538 0.585333 0.017 0.0133333 0.861135
0 0.28475 0.711333 0.0155 0.0173333 0.861334
0 0.7675 0.556667 0.009 0.0186667 0.861714
0 0.67875 0.615667 0.0185 0.0153333 0.861831
0 0.559 0.570667 0.015 0.016 0.861999
0 0.893 0.555667 0.015 0.0193333 0.862062
0 0.36525 0.316333 0.0145 0.0206667 0.862123
0 0.16775 0.705667 0.0175 0.0193333 0.86234
0 0.4875 0.389 0.014 0.018 0.862363
0 0.9625 0.476333 0.018 0.018 0.862399
0 0.408 0.888 0.016 0.02 0.86249
0 0.74325 0.486333 0.0185 0.01 0.862492
0 0.06075 0.619 0.0195 0.0153333 0.862562
0 0.61375 0.886333 0.0135 0.0273333 0.862675
0 0.477 0.701 0.015 0.0193333 0.862851
0 0.08025 0.555667 0.0155 0.0113333 0.863214
0 0.42775 0.884333 0.0105 0.0233333 0.863298
0 0.21475 0.700333 0.0175 0.0193333 0.863373
0 0.31275 0.851333 0.0165 0.0213333 0.863412
0 0.60325 0.472667 0.0135 0.0186667 0.863441
0 0.57375 0.869333 0.0115 0.02 0.863547
0 0.4765 0.647333 0.014 0.0173333 0.863549
0 0.561 0.285333 0.016 0.0133333 0.863659
0 0.23175 0.929667 0.0165 0.0166667 0.863876
0 0.51825 0.411333 0.0155 0.0186667 0.864073
0 0.82025 0.575667 0.0125 0.0233333 0.864136
0 0.38525 0.859667 0.0145 0.0233333 0.864163
0 0.0745 0.404333 0.013 0.0206667 0.864229
0 0.39 0.624333 0.019 0.0126667 0.864328
0 0.384 0.21 0.012 0.0226667 0.864339
0 0.819 0.516667 0.02 0.0146667 0.864351
0 0.73475 0.707333 0.0135 0.0253333 0.864559
0 0.277 0.573 0.016 0.018 0.864606
0 0.4695 0.258667 0.014 0.0173333 0.864779
0 0.47875 0.198667 0.0165 0.0133333 0.864879
0 0.3905 0.712 0.017 0.0146667 0.864993
0 0.67625 0.594 0.0175 0.016 0.86507
0 0.40025 0.243667 0.0115 0.022 0.86516
0 0.52575 0.892 0.0175 0.02 0.865191
0 0.34825 0.824333 0.0155 0.018 0.865232
0 0.90575 0.569 0.0115 0.022 0.865411
0 0.41925 0.66 0.0185 0.0146667 0.86547
0 0.56975 0.889 0.0165 0.022 0.865629
0 0.50025 0.899 0.0185 0.014 0.865766
0 0.29425 0.583333 0.0165 0.012 0.865888
0 0.489 0.725 0.014 0.018 0.866006
0 0.3255 0.72 0.015 0.02 0.86627
0 0.26225 0.943 0.0125 0.026 0.866413
0 0.7115 0.675667 0.02 0.0126667 0.866646
0 0.30925 0.269667 0.0135 0.0206667 0.866795
0 0.626 0.865333 0.011 0.0253333 0.866865
0 0.155 0.564333 0.018 0.0126667 0.867073
0 0.9695 0.73 0.019 0.0213333 0.867073
0 0.15575 0.664667 0.0135 0.024 0.867362
0 0.3595 0.640333 0.013 0.0206667 0.867417
0 0.15225 0.891 0.0145 0.0206667 0.867565
0 0.477 0.24 0.017 0.0133333 0.867805
0 0.5815 0.702 0.017 0.016 0.867936
0 0.31925 0.754667 0.0205 0.0133333 0.868053
0 0.8715 0.428667 0.019 0.0173333 0.868105
0 0.84525 0.878333 0.0175 0.0193333 0.868295
0 0.329 0.272667 0.014 0.0186667 0.868487
0 0.21225 0.644333 0.0145 0.022 0.868563
0 0.36275 0.230667 0.0175 0.0133333 0.868657
0 0.766 0.871 0.021 0.0166667 0.868669
0 0.50825 0.760667 0.0205 0.012 0.86881
0 0.20425 0.549667 0.0175 0.0126667 0.868845
0 0.3455 0.687667 0.014 0.0153333 0.869186
0 0.5095 0.696 0.015 0.0213333 0.8695
0 0.0565 0.722 0.019 0.0133333 0.869706
0 0.464 0.656667 0.01 0.02 0.869979
0 0.2975 0.617667 0.014 0.0206667 0.870272
0 0.73475 0.892333 0.0185 0.018 0.870762
0 0.93225 0.623667 0.0155 0.026 0.871055
0 0.346 0.216333 0.015 0.0206667 0.87155
0 0.55 0.85 0.018 0.02 0.871631
0 0.7775 0.425667 0.014 0.0246667 0.871836
0 0.6945 0.527667 0.016 0.0206667 0.871911
0 0.36075 0.677667 0.0155 0.0233333 0.872018
0 0.357 0.869 0.018 0.014 0.872087
0 0.3375 0.738333 0.018 0.0153333 0.872248
0 0.52575 0.774333 0.0225 0.014 0.87242
0 0.6425 0.866 0.012 0.0306667 0.872712
0 0.5865 0.528333 0.013 0.0206667 0.872796
0 0.3925 0.677 0.019 0.014 0.873043
0 0.58075 0.422 0.0135 0.0213333 0.873236
0 0.38 0.613667 0.014 0.0113333 0.873252
0 0.6255 0.632 0.011 0.024 0.873482
0 0.2205 0.676 0.019 0.0106667 0.873501
0 0.52425 0.864667 0.0165 0.02 0.873648
0 0.81675 0.427 0.0205 0.0206667 0.873667
0 0.57325 0.529667 0.0135 0.0206667 0.873706
0 0.61375 0.586333 0.0115 0.0206667 0.873878
0 0.74125 0.527333 0.0155 0.0186667 0.87394
0 0.28025 0.679 0.0155 0.014 0.873977
0 0.40675 0.766 0.0155 0.0186667 0.874163
0 0.834 0.434333 0.018 0.0153333 0.874171
0 0.41075 0.729667 0.0175 0.0193333 0.874171
0 0.81975 0.539 0.0205 0.0153333 0.874391
0 0.308 0.706 0.014 0.028 0.87464
0 0.7065 0.659333 0.011 0.02 0.874664
0 0.3325 0.882 0.018 0.0133333 0.874671
0 0.30775 0.836 0.0145 0.0213333 0.87487
0 0.834 0.529 0.013 0.0206667 0.874987
0 0.33775 0.862667 0.0175 0.0186667 0.87504
0 0.2905 0.600667 0.015 0.0186667 0.875106
0 0.5345 0.686667 0.015 0.02 0.875156
0 0.33425 0.698 0.0185 0.0133333 0.875206
0 0.32075 0.474333 0.0165 0.0166667 0.875249
0 0.33675 0.841667 0.0165 0.018 0.875328
0 0.21975 0.842667 0.0155 0.0186667 0.875503
0 0.2205 0.924333 0.02 0.0126667 0.875668
0 0.4195 0.748333 0.015 0.018 0.87572
0 0.21075 0.603667 0.0195 0.014 0.875962
0 0.4765 0.372333 0.012 0.022 0.877365
0 0.44 0.816333 0.017 0.0126667 0.877375
0 0.238 0.943 0.018 0.0126667 0.877419
0 0.37275 0.686333 0.0125 0.0233333 0.877617
0 0.4675 0.576667 0.017 0.0173333 0.8779
0 0.68325 0.674333 0.0185 0.0153333 0.878006
0 0.448 0.237667 0.01 0.0193333 0.878044
0 0.3675 0.217333 0.018 0.016 0.878504
0 0.79825 0.592333 0.0155 0.022 0.878641
0 0.48775 0.565667 0.0145 0.0126667 0.878976
0 0.35325 0.730333 0.0165 0.0126667 0.879131
0 0.30425 0.806333 0.0165 0.022 0.879147
0 0.167 0.633667 0.014 0.0246667 0.879244
0 0.18625 0.896 0.0125 0.0226667 0.87927
0 0.75375 0.525667 0.0115 0.0206667 0.879695
0 0.52875 0.857 0.0175 0.018 0.879981
0 0.45125 0.830333 0.0205 0.014 0.880046
0 0.28625 0.668 0.0165 0.0173333 0.880726
0 0.3835 0.908333 0.016 0.0246667 0.880796
0 0.71025 0.514 0.0155 0.0173333 0.881923
0 0.824 0.453333 0.011 0.0186667 0.882356
0 0.39925 0.909333 0.0115 0.028 0.883289
0 0.65075 0.565333 0.0185 0.02 0.883314
0 0.722 0.501 0.016 0.0193333 0.883373
0 0.52475 0.712333 0.0195 0.014 0.883448
0 0.3725 0.816 0.016 0.0146667 0.88348
0 0.6335 0.709333 0.012 0.0226667 0.883754
0 0.50075 0.387333 0.0115 0.0253333 0.883773
0 0.84225 0.469333 0.0175 0.016 0.883821
0 0.358 0.837 0.018 0.0193333 0.884878
0 0.491 0.370667 0.017 0.016 0.884955
0 0.5035 0.571333 0.011 0.0173333 0.885036
0 0.498 0.284667 0.013 0.0226667 0.88646
0 0.46725 0.694667 0.0105 0.0186667 0.88678
0 0.347 0.800667 0.018 0.0186667 0.886799
0 0.66575 0.550333 0.0125 0.0246667 0.887118
0 0.5795 0.681 0.015 0.0206667 0.88758
0 0.59725 0.511333 0.0145 0.0213333 0.887892
0 0.7465 0.724 0.019 0.016 0.888442
0 0.271 0.881333 0.011 0.0226667 0.889026
0 0.50325 0.721667 0.0185 0.014 0.889434
0 0.54575 0.255667 0.0145 0.0206667 0.889646
0 0.47775 0.733333 0.0135 0.02 0.890224
0 0.5035 0.844667 0.017 0.016 0.891049
0 0.555 0.626333 0.01 0.0206667 0.892014
0 0.3575 0.503 0.014 0.0166667 0.89224
0 0.67325 0.522333 0.0165 0.0166667 0.893993
0 0.3715 0.634333 0.016 0.018 0.894497
0 0.54475 0.574 0.0165 0.0106667 0.895304
0 0.46175 0.234 0.0105 0.0186667 0.895569
0 0.53825 0.273 0.0115 0.0166667 0.896571
0 0.345 0.565667 0.015 0.018 0.898758
0 0.38975 0.831667 0.0155 0.018 0.903835
0 0.5145 0.610667 0.017 0.016 0.903939
0 0.31125 0.89 0.0165 0.0226667 0.90702
0 0.48325 0.398333 0.0155 0.0193333 0.907299
0 0.49875 0.684 0.0125 0.0173333 0.910415
0 0.6595 0.697333 0.016 0.0226667 0.913098
0 0.4565 0.694 0.015 0.0146667 0.921382
