0 0.520333 0.64725 0.0153333 0.0125 0.500203
0 0.702333 0.44325 0.0193333 0.0135 0.5004
0 0.641 0.64675 0.0113333 0.0135 0.5017
0 0.259333 0.641 0.012 0.014 0.502564
0 0.609667 0.323 0.014 0.013 0.504257
0 0.554333 0.404 0.0126667 0.011 0.504311
0 0.639667 0.4435 0.018 0.013 0.505115
0 0.559 0.48 0.014 0.013 0.506951
0 0.534 0.44675 0.0146667 0.0125 0.507581
0 0.659333 0.55775 0.0173333 0.0115 0.50828
0 0.648667 0.46275 0.016 0.0075 0.508453
0 0.601667 0.72275 0.0193333 0.0085 0.513357
0 0.53 0.4695 0.012 0.016 0.514592
0 0.203333 0.56375 0.0173333 0.0115 0.517129
0 0.548333 0.647 0.018 0.009 0.518896
0 0.312333 0.66775 0.0166667 0.0125 0.520154
0 0.615667 0.61725 0.0193333 0.0095 0.521238
0 0.543333 0.3595 0.0213333 0.009 0.521456
0 0.510667 0.5 0.008 0.012 0.521547
0 0.522667 0.48 0.0106667 0.013 0.522872
0 0.260667 0.462 0.012 0.013 0.522912
0 0.642 0.518 0.012 0.014 0.524233
0 0.539 0.45425 0.014 0.0145 0.525498
0 0.182 0.56075 0.0133333 0.0115 0.525703
0 0.525 0.783 0.0193333 0.006 0.526044
0 0.552667 0.6225 0.02 0.009 0.526908
0 0.58 0.58825 0.024 0.0085 0.527412
0 0.558 0.8625 0.0226667 0.01 0.527767
0 0.573667 0.42375 0.018 0.0115 0.528121
0 0.778667 0.57125 0.02 0.0085 0.531396
0 0.54 0.57475 0.0133333 0.0095 0.531942
0 0.251667 0.43475 0.0166667 0.0115 0.534733
0 0.511 0.63625 0.0206667 0.0085 0.53703
0 0.501333 0.73175 0.02 0.0095 0.537461
0 0.616333 0.78 0.014 0.014 0.538536
0 0.564 0.553 0.02 0.009 0.541885
0 0.406 0.729 0.016 0.014 0.542185
0 0.537333 0.818 0.02 0.007 0.542851
0 0.510333 0.71925 0.0193333 0.0095 0.54316
0 0.533 0.64075 0.00866667 0.0095 0.544852
0 0.509 0.8315 0.0153333 0.013 0.545165
0 0.569333 0.683 0.0133333 0.015 0.546053
0 0.788667 0.44875 0.0133333 0.0075 0.546247
0 0.562667 0.87425 0.0213333 0.0105 0.546278
0 0.489667 0.741 0.0206667 0.011 0.546649
0 0.765 0.72125 0.018 0.0055 0.54881
0 0.547 0.39375 0.0113333 0.0125 0.549421
0 0.555 0.508 0.0153333 0.013 0.549421
0 0.725667 0.86975 0.0153333 0.0205 0.550126
0 0.548333 0.68825 0.0206667 0.0095 0.55377
0 0.551667 0.85475 0.0193333 0.0135 0.553829
0 0.502 0.61475 0.012 0.0115 0.553956
0 0.504667 0.74025 0.016 0.0115 0.555967
0 0.626333 0.49425 0.0126667 0.0105 0.557749
0 0.532333 0.5135 0.014 0.013 0.562189
0 0.560333 0.76275 0.0206667 0.0105 0.562227
0 0.743 0.7015 0.00733333 0.01 0.56363
0 0.586333 0.62425 0.0126667 0.0115 0.563835
0 0.670667 0.46925 0.0226667 0.0085 0.56495
0 0.605 0.6385 0.0153333 0.008 0.569858
0 0.643 0.50275 0.0153333 0.0125 0.571044
0 0.303 0.42225 0.0153333 0.0115 0.573152
0 0.654 0.488 0.012 0.01 0.575703
0 0.625667 0.74075 0.0126667 0.0095 0.576656
0 0.567667 0.52275 0.0153333 0.0095 0.577616
0 0.79 0.4425 0.0133333 0.008 0.578047
0 0.519333 0.67925 0.0173333 0.0125 0.579478
0 0.555667 0.42375 0.0166667 0.0075 0.579883
0 0.626667 0.6295 0.0106667 0.012 0.582773
0 0.556333 0.60175 0.014 0.0125 0.583042
0 0.354333 0.6775 0.0113333 0.012 0.583901
0 0.478 0.40875 0.0146667 0.0145 0.584066
0 0.521333 0.4005 0.012 0.016 0.587274
0 0.590333 0.52725 0.018 0.0125 0.589295
0 0.566 0.3995 0.0186667 0.009 0.589492
0 0.234667 0.3905 0.0186667 0.012 0.590791
0 0.439667 0.7555 0.01 0.01 0.591106
0 0.615667 0.70075 0.0113333 0.0145 0.593673
0 0.512 0.62875 0.0173333 0.0105 0.593977
0 0.576667 0.49425 0.02 0.0065 0.59432
0 0.470333 0.429 0.0113333 0.013 0.594553
0 0.750667 0.64475 0.0133333 0.0155 0.594863
0 0.643333 0.54125 0.0213333 0.0115 0.595937
0 0.725667 0.6145 0.0126667 0.011 0.59613
0 0.586 0.70525 0.0173333 0.0125 0.597001
0 0.602667 0.40125 0.0146667 0.0135 0.597623
0 0.537667 0.6295 0.0113333 0.013 0.597966
0 0.513667 0.4855 0.0113333 0.011 0.600614
0 0.512 0.277 0.02 0.012 0.600786
0 0.584333 0.59925 0.0166667 0.0125 0.601273
0 0.507333 0.203 0.0226667 0.01 0.60202
0 0.53 0.39375 0.012 0.0135 0.602287
0 0.53 0.8045 0.0213333 0.012 0.603016
0 0.55 0.64225 0.0186667 0.0075 0.603072
0 0.562333 0.45225 0.0153333 0.0165 0.604196
0 0.527667 0.568 0.0193333 0.007 0.604387
0 0.551667 0.83025 0.0206667 0.0085 0.607082
0 0.294 0.59125 0.0173333 0.0145 0.607525
0 0.556333 0.3465 0.0206667 0.01 0.607843
0 0.486 0.57675 0.00933333 0.0165 0.60858
0 0.522 0.78925 0.0213333 0.0085 0.609676
0 0.568667 0.8575 0.016 0.012 0.611252
0 0.243333 0.5925 0.016 0.011 0.6141
0 0.502 0.6535 0.016 0.013 0.616223
0 0.549 0.54625 0.014 0.0125 0.618758
0 0.560667 0.72225 0.0173333 0.0075 0.618784
0 0.764 0.62 0.0146667 0.012 0.620227
0 0.702333 0.61575 0.0206667 0.0075 0.621804
0 0.648 0.566 0.00933333 0.013 0.62349
0 0.221667 0.387 0.014 0.015 0.624455
0 0.583667 0.4115 0.0153333 0.013 0.624767
0 0.596667 0.38925 0.0186667 0.0085 0.625017
0 0.588333 0.34175 0.0113333 0.0105 0.625244
0 0.605333 0.7425 0.0106667 0.011 0.626718
0 0.532333 0.70775 0.0166667 0.0085 0.62763
0 0.682667 0.542 0.016 0.015 0.630315
0 0.519 0.49675 0.0113333 0.0105 0.63206
0 0.591333 0.5065 0.0186667 0.008 0.6327
0 0.347333 0.51675 0.012 0.0135 0.633821
0 0.644667 0.63825 0.016 0.0095 0.634165
0 0.607 0.6105 0.0126667 0.016 0.634596
0 0.557667 0.35175 0.022 0.0095 0.637506
0 0.588 0.778 0.008 0.011 0.63972
0 0.641 0.72575 0.0153333 0.0095 0.63994
0 0.576 0.48225 0.0186667 0.0075 0.640004
0 0.652333 0.495 0.018 0.009 0.640249
0 0.197333 0.53575 0.012 0.0115 0.640527
0 0.791333 0.42925 0.0173333 0.0115 0.641726
0 0.588333 0.47375 0.014 0.0125 0.642519
0 0.745667 0.66 0.014 0.011 0.64422
0 0.410333 0.44325 0.01 0.0135 0.645269
0 0.542667 0.56925 0.0173333 0.0055 0.645357
0 0.248333 0.4725 0.014 0.014 0.647496
0 0.538667 0.75425 0.008 0.0115 0.647653
0 0.523333 0.71925 0.012 0.0095 0.647799
0 0.240667 0.61125 0.02 0.0105 0.648419
0 0.434667 0.32525 0.0146667 0.0085 0.648727
0 0.619 0.405 0.01 0.016 0.651154
0 0.457 0.699 0.0126667 0.013 0.652911
0 0.601667 0.7725 0.014 0.013 0.655609
0 0.594667 0.51625 0.0133333 0.0135 0.656385
0 0.537333 0.714 0.02 0.008 0.656511
0 0.534667 0.72575 0.0146667 0.0115 0.657671
0 0.598 0.618 0.02 0.01 0.657717
0 0.611667 0.6765 0.018 0.021 0.65788
0 0.663333 0.4965 0.0173333 0.009 0.657978
0 0.182667 0.54275 0.012 0.0115 0.659063
0 0.536333 0.6665 0.014 0.015 0.659705
0 0.39 0.495 0.0173333 0.009 0.660432
0 0.633333 0.629 0.0133333 0.015 0.662898
0 0.607 0.66275 0.014 0.0105 0.663612
0 0.616 0.76875 0.0213333 0.0085 0.663903
0 0.653 0.509 0.014 0.015 0.664008
0 0.5 0.337 0.016 0.012 0.665541
0 0.528333 0.43925 0.018 0.0095 0.666839
0 0.598333 0.56075 0.0113333 0.0135 0.667848
0 0.243667 0.43475 0.0126667 0.0135 0.668355
0 0.502667 0.705 0.0173333 0.008 0.669002
0 0.700333 0.6495 0.0153333 0.013 0.669279
0 0.533667 0.6795 0.0193333 0.012 0.669617
0 0.484333 0.65525 0.0126667 0.0165 0.669919
0 0.292 0.4225 0.0133333 0.013 0.670605
0 0.520667 0.298 0.016 0.012 0.671737
0 0.520333 0.55625 0.0193333 0.0085 0.672704
0 0.501 0.4995 0.0113333 0.014 0.672934
0 0.591333 0.56525 0.0106667 0.0135 0.672968
0 0.535667 0.482 0.0153333 0.015 0.673729
0 0.55 0.731 0.016 0.011 0.674289
0 0.252667 0.64175 0.0133333 0.0145 0.675613
0 0.193 0.5505 0.0113333 0.013 0.6761
0 0.633333 0.83275 0.0133333 0.0125 0.676311
0 0.568333 0.778 0.014 0.014 0.676771
0 0.515667 0.538 0.018 0.007 0.676991
0 0.507667 0.6865 0.022 0.008 0.677873
0 0.382 0.549 0.0186667 0.009 0.678202
0 0.671 0.55825 0.0166667 0.0145 0.678688
0 0.782667 0.4405 0.012 0.015 0.679116
0 0.505333 0.3475 0.016 0.018 0.679245
0 0.472333 0.62025 0.0113333 0.0145 0.679812
0 0.639 0.5525 0.018 0.012 0.679971
0 0.617333 0.322 0.016 0.016 0.68012
0 0.462667 0.4065 0.016 0.016 0.680593
0 0.655667 0.73425 0.0206667 0.0125 0.680599
0 0.512667 0.6145 0.0133333 0.012 0.682546
0 0.579 0.78075 0.0113333 0.0135 0.683549
0 0.549333 0.5855 0.0106667 0.013 0.683922
0 0.500333 0.45125 0.0166667 0.0115 0.683963
0 0.626667 0.7205 0.0133333 0.01 0.685096
0 0.604667 0.3395 0.0173333 0.011 0.685098
0 0.555 0.65775 0.0193333 0.0095 0.685238
0 0.575 0.56 0.0126667 0.007 0.686004
0 0.297 0.537 0.0126667 0.016 0.686145
0 0.450333 0.59125 0.0206667 0.0095 0.686456
0 0.553 0.38575 0.0113333 0.0125 0.68653
0 0.501333 0.82775 0.0133333 0.0135 0.687553
0 0.221667 0.535 0.03 0.008 0.687823
0 0.636 0.73675 0.0146667 0.0125 0.688879
0 0.364333 0.4935 0.018 0.014 0.688884
0 0.247 0.672 0.0153333 0.013 0.690013
0 0.277333 0.642 0.0146667 0.01 0.690019
0 0.681667 0.528 0.0193333 0.016 0.691091
0 0.485667 0.67675 0.0246667 0.0085 0.691126
0 0.348333 0.359 0.0166667 0.016 0.692318
0 0.561333 0.52675 0.00933333 0.0115 0.694083
0 0.757667 0.54775 0.0126667 0.0155 0.694356
0 0.848667 0.28225 0.0133333 0.0115 0.694486
0 0.478667 0.4305 0.012 0.018 0.694548
0 0.373333 0.545 0.02 0.014 0.694934
0 0.500333 0.4 0.0206667 0.008 0.695809
0 0.773333 0.843 0.0173333 0.017 0.696063
0 0.543 0.367 0.0193333 0.012 0.696772
0 0.207333 0.574 0.016 0.011 0.696909
0 0.506333 0.479 0.0113333 0.013 0.696933
0 0.238667 0.492 0.02 0.008 0.697088
0 0.539 0.5865 0.0126667 0.014 0.697481
0 0.382 0.44425 0.012 0.0145 0.697824
0 0.349333 0.2285 0.0146667 0.014 0.698337
0 0.356333 0.5355 0.014 0.012 0.698588
0 0.708667 0.623 0.0173333 0.009 0.69885
0 0.557333 0.44425 0.02 0.0105 0.699158
0 0.520667 0.564 0.0213333 0.009 0.699544
0 0.518 0.6965 0.02 0.009 0.700536
0 0.328 0.54025 0.0146667 0.0135 0.70057
0 0.494 0.4885 0.0146667 0.011 0.701056
0 0.401333 0.402 0.00933333 0.012 0.701534
0 0.536 0.38475 0.02 0.0075 0.703133
0 0.626333 0.27075 0.0273333 0.0155 0.703363
0 0.411 0.48575 0.01 0.0115 0.704136
0 0.471333 0.60175 0.02 0.0075 0.704994
0 0.477 0.56975 0.0113333 0.0145 0.706055
0 0.804667 0.52025 0.028 0.0105 0.706082
0 0.532333 0.4915 0.0126667 0.014 0.70629
0 0.625333 0.1855 0.0106667 0.015 0.706393
0 0.527667 0.2865 0.0126667 0.017 0.706587
0 0.670333 0.611 0.0193333 0.011 0.706679
0 0.759 0.64375 0.014 0.0125 0.706681
0 0.304333 0.59175 0.0126667 0.0165 0.706819
0 0.622667 0.44025 0.02 0.0105 0.70715
0 0.621667 0.7975 0.0166667 0.015 0.7072
0 0.574333 0.62 0.018 0.01 0.707744
0 0.528333 0.5445 0.0206667 0.01 0.708892
0 0.515333 0.79925 0.02 0.0095 0.708907
0 0.520333 0.274 0.018 0.015 0.708995
0 0.617333 0.3345 0.0213333 0.01 0.711618
0 0.514333 0.7605 0.014 0.013 0.712227
0 0.618 0.51475 0.0213333 0.0115 0.712633
0 0.393 0.77975 0.022 0.0145 0.712744
0 0.566333 0.64875 0.0193333 0.0095 0.713342
0 0.587 0.55325 0.0126667 0.0135 0.713489
0 0.459 0.4145 0.018 0.012 0.715711
0 0.639333 0.829 0.02 0.018 0.71615
0 0.660333 0.55075 0.022 0.0085 0.716191
0 0.4 0.55825 0.0173333 0.0125 0.717299
0 0.752 0.55675 0.0186667 0.0155 0.718823
0 0.705333 0.6075 0.02 0.008 0.720135
0 0.348667 0.48275 0.0133333 0.0135 0.720836
0 0.567 0.5 0.018 0.012 0.72124
0 0.742333 0.713 0.0113333 0.014 0.721275
0 0.529667 0.43 0.0206667 0.012 0.722357
0 0.637 0.43075 0.0233333 0.0115 0.72299
0 0.402667 0.49275 0.012 0.0145 0.723886
0 0.512333 0.5495 0.0153333 0.015 0.723908
0 0.441333 0.19225 0.0226667 0.0085 0.72431
0 0.441 0.621 0.0206667 0.009 0.724792
0 0.230667 0.47025 0.0133333 0.0125 0.724893
0 0.247 0.61925 0.0193333 0.0165 0.725017
0 0.219 0.59225 0.018 0.0155 0.725378
0 0.603667 0.529 0.018 0.011 0.725726
0 0.709667 0.59575 0.0233333 0.0085 0.725788
0 0.419 0.746 0.0126667 0.016 0.725967
0 0.304667 0.563 0.02 0.009 0.726067
0 0.694 0.60175 0.016 0.0115 0.726133
0 0.599333 0.8165 0.0133333 0.015 0.72627
0 0.534667 0.85825 0.0133333 0.0145 0.726669
0 0.54 0.406 0.0173333 0.008 0.726802
0 0.819 0.6435 0.0193333 0.017 0.727431
0 0.689667 0.69325 0.0193333 0.0095 0.727773
0 0.443333 0.18625 0.0226667 0.0085 0.728142
0 0.619 0.5615 0.0126667 0.015 0.728847
0 0.606333 0.63125 0.022 0.0085 0.729539
0 0.563333 0.881 0.02 0.009 0.729844
0 0.235 0.4815 0.0166667 0.012 0.730724
0 0.26 0.47425 0.016 0.0145 0.730805
0 0.669333 0.48725 0.02 0.0075 0.730832
0 0.528667 0.4205 0.0173333 0.01 0.730901
0 0.463667 0.61025 0.0113333 0.0105 0.731038
0 0.485333 0.47475 0.0146667 0.0125 0.731353
0 0.291667 0.305 0.0126667 0.015 0.732599
0 0.518667 0.415 0.02 0.01 0.732702
0 0.621333 0.3465 0.02 0.014 0.733015
0 0.513667 0.71 0.0233333 0.008 0.734335
0 0.547667 0.7525 0.0126667 0.013 0.735207
0 0.858333 0.30025 0.0166667 0.0075 0.73541
0 0.456333 0.245 0.0206667 0.009 0.735709
0 0.598 0.78425 0.0146667 0.0105 0.735874
0 0.501667 0.58325 0.018 0.0125 0.73604
0 0.625333 0.5715 0.02 0.008 0.736199
0 0.577333 0.549 0.0133333 0.01 0.737377
0 0.276333 0.6515 0.0126667 0.013 0.737435
0 0.592667 0.44825 0.024 0.0075 0.737671
0 0.495333 0.3945 0.0213333 0.01 0.737678
0 0.620667 0.48525 0.0226667 0.0095 0.738557
0 0.309667 0.3435 0.01 0.014 0.73895
0 0.483 0.7445 0.0153333 0.012 0.739232
0 0.380667 0.56275 0.012 0.0155 0.739274
0 0.495667 0.41 0.022 0.014 0.739327
0 0.484667 0.71725 0.0186667 0.0135 0.739412
0 0.487333 0.58925 0.016 0.0095 0.739655
0 0.839 0.8285 0.018 0.008 0.739928
0 0.664667 0.53975 0.0173333 0.0125 0.740857
0 0.490333 0.6385 0.0193333 0.007 0.740874
0 0.763667 0.71375 0.0166667 0.0135 0.742304
0 0.541667 0.6075 0.018 0.011 0.742613
0 0.605667 0.508 0.0153333 0.014 0.742865
0 0.546333 0.56225 0.018 0.0105 0.743083
0 0.223667 0.599 0.0153333 0.015 0.743708
0 0.602667 0.43525 0.02 0.0075 0.74429
0 0.456333 0.59675 0.01 0.0115 0.744388
0 0.285333 0.58575 0.0146667 0.0145 0.745489
0 0.293333 0.32525 0.016 0.0205 0.746114
0 0.495 0.22975 0.018 0.0115 0.746373
0 0.464667 0.357 0.0146667 0.012 0.746644
0 0.592667 0.64475 0.012 0.0085 0.747405
0 0.616333 0.763 0.022 0.009 0.748037
0 0.489667 0.354 0.0206667 0.007 0.748394
0 0.565667 0.75125 0.0206667 0.0095 0.748595
0 0.439667 0.233 0.018 0.01 0.749255
0 0.311333 0.42875 0.0133333 0.0125 0.749584
0 0.528667 0.59525 0.024 0.0075 0.749683
0 0.760333 0.7295 0.0193333 0.008 0.749742
0 0.491667 0.7525 0.0113333 0.013 0.750456
0 0.680333 0.58775 0.0126667 0.0115 0.750479
0 0.623333 0.7055 0.0133333 0.013 0.751005
0 0.576667 0.4595 0.0213333 0.007 0.751014
0 0.401333 0.57075 0.0106667 0.0135 0.751605
0 0.627667 0.54225 0.0113333 0.0135 0.75182
0 0.593333 0.602 0.02 0.016 0.752337
0 0.596667 0.47575 0.012 0.0155 0.752946
0 0.539333 0.53725 0.02 0.0075 0.753146
0 0.553 0.37075 0.014 0.0125 0.753952
0 0.773667 0.4125 0.0233333 0.017 0.754228
0 0.217667 0.48 0.018 0.012 0.754246
0 0.41 0.1745 0.02 0.013 0.754417
0 0.254 0.8805 0.0186667 0.014 0.754527
0 0.501 0.7525 0.0113333 0.012 0.754951
0 0.248333 0.22425 0.018 0.0065 0.75534
0 0.573333 0.3695 0.0146667 0.016 0.755341
0 0.329667 0.47275 0.0193333 0.0075 0.755564
0 0.822 0.4245 0.0186667 0.018 0.756621
0 0.405333 0.16875 0.0213333 0.0095 0.757354
0 0.719 0.44275 0.014 0.0115 0.757795
0 0.535 0.2655 0.014 0.012 0.757859
0 0.264 0.66325 0.024 0.0095 0.75849
0 0.285667 0.631 0.0233333 0.014 0.759352
0 0.479667 0.692 0.0206667 0.009 0.760351
0 0.402667 0.1605 0.024 0.011 0.76048
0 0.636667 0.47875 0.0213333 0.0085 0.760543
0 0.654333 0.54575 0.0206667 0.0085 0.761476
0 0.526667 0.77675 0.0213333 0.0085 0.761598
0 0.328 0.556 0.02 0.008 0.761719
0 0.721333 0.6425 0.0213333 0.006 0.761753
0 0.420667 0.16425 0.0226667 0.0105 0.761754
0 0.214333 0.58425 0.0233333 0.0105 0.762126
0 0.253333 0.46 0.00933333 0.012 0.762305
0 0.778 0.52475 0.0146667 0.0155 0.762662
0 0.45 0.457 0.012 0.012 0.76268
0 0.407 0.738 0.0193333 0.008 0.762845
0 0.215667 0.526 0.026 0.011 0.763651
0 0.540667 0.26075 0.02 0.0145 0.763797
0 0.833333 0.5685 0.016 0.013 0.764106
0 0.446667 0.613 0.0186667 0.009 0.764134
0 0.500667 0.511 0.0213333 0.013 0.764673
0 0.229 0.60675 0.0153333 0.0135 0.764986
0 0.643 0.47425 0.018 0.0095 0.765485
0 0.416 0.50475 0.0146667 0.0095 0.766235
0 0.620667 0.52325 0.0213333 0.0075 0.766436
0 0.542 0.33075 0.0173333 0.0145 0.766522
0 0.752 0.6925 0.0173333 0.012 0.766788
0 0.644333 0.6305 0.0153333 0.013 0.76751
0 0.604667 0.542 0.0146667 0.013 0.767538
0 0.744667 0.686 0.02 0.013 0.767948
0 0.647333 0.47 0.02 0.008 0.768903
0 0.517333 0.7445 0.0173333 0.012 0.768994
0 0.390333 0.5115 0.014 0.013 0.769016
0 0.804667 0.2705 0.0133333 0.017 0.769089
0 0.516667 0.88325 0.0186667 0.0085 0.769632
0 0.570333 0.745 0.0193333 0.011 0.770006
0 0.458667 0.31975 0.012 0.0135 0.770121
0 0.797667 0.54825 0.018 0.0125 0.77035
0 0.581333 0.794 0.024 0.007 0.770409
0 0.51 0.2195 0.0146667 0.016 0.770493
0 0.525333 0.75525 0.0226667 0.0095 0.77193
0 0.724 0.3885 0.0146667 0.016 0.772086
0 0.174667 0.548 0.012 0.013 0.772156
0 0.723 0.6355 0.022 0.007 0.773004
0 0.608 0.34675 0.0213333 0.0115 0.773066
0 0.764667 0.50025 0.016 0.0155 0.773132
0 0.251333 0.42125 0.0146667 0.0125 0.773302
0 0.319 0.338 0.0126667 0.015 0.77357
0 0.527 0.457 0.0166667 0.011 0.773582
0 0.543333 0.845 0.02 0.011 0.774419
0 0.604667 0.8015 0.0146667 0.011 0.774955
0 0.533 0.32875 0.0153333 0.0145 0.775074
0 0.711667 0.649 0.0193333 0.007 0.775625
0 0.574333 0.871 0.01 0.011 0.775953
0 0.535 0.83525 0.014 0.0135 0.776159
0 0.762333 0.5655 0.014 0.015 0.776199
0 0.469333 0.73975 0.012 0.0155 0.776656
0 0.213 0.6585 0.0126667 0.014 0.776718
0 0.364333 0.4695 0.0193333 0.012 0.77677
0 0.770667 0.4715 0.0133333 0.014 0.776949
0 0.541 0.34625 0.014 0.0155 0.777188
0 0.706333 0.58275 0.0126667 0.0135 0.7773
0 0.664667 0.69325 0.0213333 0.0105 0.777341
0 0.514667 0.38975 0.0173333 0.0125 0.777524
0 0.687 0.54975 0.018 0.0135 0.77772
0 0.234667 0.8965 0.0266667 0.012 0.77787
0 0.528667 0.575 0.02 0.007 0.777888
0 0.466667 0.27125 0.0253333 0.0125 0.778527
0 0.551 0.43975 0.0193333 0.0105 0.778619
0 0.6 0.456 0.0213333 0.01 0.778666
0 0.779333 0.505 0.0213333 0.01 0.778945
0 0.389667 0.47125 0.0206667 0.0085 0.778992
0 0.465667 0.7 0.0113333 0.012 0.779646
0 0.451 0.23975 0.0233333 0.0095 0.779667
0 0.765667 0.6895 0.0166667 0.007 0.779806
0 0.901333 0.68775 0.0226667 0.0165 0.780547
0 0.839 0.55825 0.0246667 0.0165 0.780607
0 0.451 0.308 0.0126667 0.016 0.782034
0 0.254 0.86625 0.0253333 0.0145 0.782106
0 0.485333 0.732 0.016 0.009 0.782156
0 0.249 0.599 0.0206667 0.011 0.782178
0 0.269333 0.53425 0.0146667 0.0165 0.782226
0 0.384333 0.72375 0.022 0.0115 0.782888
0 0.577333 0.3365 0.0186667 0.012 0.783398
0 0.75 0.619 0.0186667 0.01 0.783771
0 0.418333 0.90125 0.0153333 0.0115 0.784817
0 0.647667 0.52925 0.0166667 0.0155 0.785125
0 0.486333 0.8255 0.014 0.015 0.785168
0 0.568333 0.60025 0.0153333 0.0135 0.785444
0 0.222333 0.548 0.0153333 0.014 0.786176
0 0.515 0.88975 0.022 0.0115 0.786191
0 0.419667 0.4455 0.0166667 0.014 0.786203
0 0.640333 0.45125 0.0206667 0.0085 0.786265
0 0.358 0.3555 0.0173333 0.016 0.786455
0 0.395667 0.744 0.0126667 0.018 0.786481
0 0.475333 0.4185 0.0186667 0.006 0.786498
0 0.523667 0.53025 0.0193333 0.0125 0.78657
0 0.507333 0.4125 0.0173333 0.014 0.786584
0 0.392667 0.72775 0.0173333 0.0125 0.78665
0 0.864 0.45425 0.0173333 0.0135 0.786666
0 0.669 0.7905 0.022 0.008 0.786813
0 0.575 0.57675 0.0193333 0.0115 0.786939
0 0.538667 0.79725 0.0213333 0.0135 0.787119
0 0.697667 0.49575 0.0166667 0.0135 0.78722
0 0.170333 0.56175 0.0113333 0.0145 0.78772
0 0.663333 0.71375 0.0186667 0.0095 0.787944
0 0.381333 0.29125 0.0173333 0.0135 0.788109
0 0.667 0.58825 0.0166667 0.0135 0.788113
0 0.623333 0.28825 0.0146667 0.0155 0.789005
0 0.682333 0.60725 0.00733333 0.0115 0.789081
0 0.655333 0.44125 0.012 0.0145 0.789385
0 0.700333 0.32875 0.0153333 0.0065 0.789915
0 0.766 0.69925 0.0213333 0.0115 0.78999
0 0.473 0.07825 0.0246667 0.0095 0.79035
0 0.548 0.86975 0.0106667 0.0135 0.790366
0 0.486 0.9205 0.0133333 0.013 0.790539
0 0.211 0.5585 0.0246667 0.011 0.790757
0 0.457667 0.497 0.0113333 0.017 0.790897
0 0.636667 0.53075 0.016 0.0155 0.791037
0 0.485333 0.38375 0.0133333 0.0155 0.791059
0 0.383333 0.58625 0.0253333 0.0195 0.791336
0 0.335667 0.48575 0.0206667 0.0085 0.791372
0 0.789667 0.5305 0.0193333 0.009 0.791472
0 0.508 0.425 0.0213333 0.012 0.791528
0 0.745667 0.38575 0.0233333 0.0085 0.791709
0 0.472333 0.08575 0.0233333 0.0105 0.791843
0 0.632333 0.577 0.0206667 0.007 0.792353
0 0.693 0.50325 0.014 0.0145 0.792587
0 0.576 0.676 0.02 0.008 0.792709
0 0.642667 0.74425 0.0133333 0.0115 0.793131
0 0.716333 0.879 0.0153333 0.014 0.793176
0 0.864667 0.29475 0.02 0.0125 0.793268
0 0.396667 0.1875 0.0173333 0.013 0.793488
0 0.538667 0.41775 0.016 0.0105 0.793511
0 0.672667 0.5655 0.0173333 0.011 0.793566
0 0.473 0.36025 0.014 0.0145 0.793632
0 0.317333 0.63825 0.024 0.0085 0.793647
0 0.518 0.4295 0.016 0.013 0.793739
0 0.430333 0.453 0.014 0.014 0.793857
0 0.257333 0.589 0.0186667 0.013 0.79396
0 0.344333 0.617 0.0126667 0.015 0.793961
0 0.367 0.5055 0.0193333 0.01 0.794043
0 0.444 0.493 0.0146667 0.014 0.794073
0 0.445333 0.7465 0.0133333 0.013 0.794387
0 0.447333 0.71125 0.0146667 0.0145 0.794505
0 0.222667 0.8885 0.0253333 0.011 0.794598
0 0.387333 0.455 0.0186667 0.013 0.794877
0 0.430667 0.90325 0.0146667 0.0145 0.794967
0 0.584333 0.7555 0.00866667 0.009 0.795024
0 0.248333 0.66075 0.0153333 0.0125 0.795253
0 0.443667 0.88425 0.0126667 0.0155 0.795281
0 0.599333 0.32375 0.0213333 0.0105 0.795325
0 0.288 0.35275 0.0106667 0.0125 0.795358
0 0.646333 0.656 0.0166667 0.015 0.795389
0 0.591 0.54275 0.0206667 0.0095 0.795457
0 0.505667 0.26075 0.0193333 0.0145 0.7957
0 0.782 0.57725 0.0173333 0.0105 0.795986
0 0.730667 0.6275 0.02 0.01 0.796312
0 0.394667 0.44225 0.0186667 0.0125 0.796376
0 0.214333 0.545 0.0113333 0.012 0.796697
0 0.374333 0.47625 0.0126667 0.0145 0.796697
0 0.626 0.6075 0.02 0.01 0.79681
0 0.508667 0.28675 0.02 0.0075 0.796869
0 0.501 0.772 0.0206667 0.01 0.797139
0 0.736667 0.66075 0.0133333 0.0145 0.797545
0 0.571667 0.43275 0.022 0.0075 0.798163
0 0.805 0.44725 0.0126667 0.0155 0.798208
0 0.480333 0.48675 0.0206667 0.0085 0.798628
0 0.341667 0.36225 0.0113333 0.0155 0.798838
0 0.239667 0.42325 0.014 0.0135 0.79893
0 0.449667 0.22225 0.014 0.0155 0.798988
0 0.212333 0.386 0.014 0.016 0.799559
0 0.426333 0.67475 0.022 0.0135 0.799624
0 0.538333 0.31175 0.0193333 0.0075 0.799628
0 0.326667 0.54875 0.0213333 0.0075 0.799689
0 0.443333 0.62525 0.02 0.0075 0.800032
0 0.398 0.4625 0.0213333 0.011 0.800156
0 0.659667 0.57075 0.0153333 0.0135 0.800332
0 0.387333 0.48725 0.0213333 0.0095 0.800388
0 0.673333 0.60275 0.0173333 0.0075 0.800496
0 0.499 0.78225 0.0126667 0.0135 0.801001
0 0.291333 0.74375 0.0146667 0.0135 0.801137
0 0.346667 0.53175 0.012 0.0135 0.801184
0 0.588333 0.48625 0.0166667 0.0085 0.801215
0 0.798 0.56575 0.0133333 0.0135 0.801344
0 0.601333 0.465 0.0253333 0.007 0.801396
0 0.522333 0.813 0.0193333 0.013 0.801477
0 0.456333 0.3885 0.014 0.012 0.801556
0 0.810333 0.3315 0.0193333 0.007 0.801698
0 0.572667 0.30225 0.0186667 0.0125 0.801748
0 0.287333 0.5365 0.0133333 0.018 0.802143
0 0.583333 0.817 0.02 0.008 0.802272
0 0.436333 0.91825 0.0166667 0.0145 0.802653
0 0.383667 0.59925 0.018 0.0105 0.80287
0 0.511667 0.312 0.0166667 0.016 0.803434
0 0.564333 0.543 0.0193333 0.008 0.803756
0 0.354333 0.54825 0.0233333 0.0075 0.804211
0 0.475333 0.64925 0.0133333 0.0135 0.804468
0 0.716333 0.62025 0.0126667 0.0105 0.804794
0 0.634 0.56 0.0146667 0.012 0.804959
0 0.314 0.65625 0.0173333 0.0125 0.805063
0 0.425 0.56325 0.0113333 0.0125 0.805491
0 0.334 0.21325 0.0133333 0.0145 0.805591
0 0.635667 0.45975 0.022 0.0085 0.805656
0 0.409333 0.56375 0.016 0.0135 0.805723
0 0.633 0.6485 0.014 0.015 0.805886
0 0.273 0.36475 0.018 0.0135 0.806119
0 0.518 0.4675 0.0186667 0.015 0.806346
0 0.557333 0.10325 0.0146667 0.0165 0.806353
0 0.434667 0.74375 0.0133333 0.0105 0.806354
0 0.687667 0.63875 0.0246667 0.0065 0.806358
0 0.451 0.7625 0.014 0.021 0.806412
0 0.526 0.325 0.02 0.011 0.806509
0 0.394667 0.9715 0.0173333 0.015 0.807012
0 0.436333 0.8745 0.0153333 0.019 0.807052
0 0.677667 0.67875 0.0166667 0.0095 0.807174
0 0.783667 0.6745 0.014 0.014 0.807507
0 0.757 0.671 0.0206667 0.007 0.808052
0 0.453667 0.43425 0.022 0.0085 0.808282
0 0.227333 0.6525 0.024 0.008 0.808599
0 0.498667 0.56475 0.024 0.0085 0.808615
0 0.537667 0.60075 0.0206667 0.0095 0.808634
0 0.688333 0.6495 0.014 0.012 0.808778
0 0.895333 0.421 0.0186667 0.015 0.808806
0 0.203667 0.504 0.026 0.008 0.808822
0 0.513333 0.45025 0.016 0.0145 0.809278
0 0.818667 0.2535 0.0253333 0.007 0.809363
0 0.277 0.75425 0.0206667 0.0105 0.809399
0 0.547 0.7745 0.0206667 0.011 0.809404
0 0.58 0.34675 0.012 0.0095 0.809454
0 0.453667 0.576 0.0113333 0.013 0.809623
0 0.533 0.74225 0.014 0.0115 0.809666
0 0.450333 0.60625 0.0166667 0.0095 0.809786
0 0.459333 0.45525 0.0133333 0.0125 0.810585
0 0.523333 0.521 0.016 0.012 0.810635
0 0.357333 0.558 0.0226667 0.008 0.810901
0 0.43 0.28775 0.0213333 0.0085 0.81123
0 0.882667 0.42675 0.0133333 0.0155 0.811252
0 0.404 0.45675 0.0213333 0.0105 0.811563
0 0.524667 0.126 0.0173333 0.013 0.8117
0 0.534333 0.1325 0.014 0.015 0.811701
0 0.282 0.34275 0.0173333 0.0165 0.811733
0 0.509667 0.5925 0.0153333 0.019 0.811748
0 0.66 0.51675 0.02 0.0105 0.811794
0 0.714333 0.38975 0.018 0.0135 0.811924
0 0.538667 0.82475 0.02 0.0085 0.811958
0 0.491333 0.6185 0.0133333 0.016 0.812088
0 0.602333 0.42925 0.022 0.0085 0.812108
0 0.694333 0.74925 0.022 0.0095 0.812209
0 0.735667 0.37475 0.0206667 0.0125 0.812333
0 0.525 0.86625 0.01 0.0125 0.812481
0 0.839667 0.63625 0.0206667 0.0085 0.812782
0 0.329333 0.4295 0.0146667 0.013 0.813099
0 0.188333 0.48875 0.0193333 0.0105 0.813493
0 0.475667 0.304 0.0206667 0.009 0.813729
0 0.465667 0.315 0.01 0.011 0.813761
0 0.554333 0.31875 0.022 0.0085 0.814113
0 0.331667 0.349 0.0233333 0.011 0.814116
0 0.565 0.6635 0.0206667 0.013 0.814117
0 0.411 0.667 0.0153333 0.011 0.814237
0 0.716333 0.65625 0.0206667 0.0095 0.814288
0 0.298667 0.397 0.0173333 0.014 0.81434
0 0.335 0.52575 0.0126667 0.0115 0.814354
0 0.361667 0.512 0.0193333 0.006 0.814395
0 0.827 0.261 0.0206667 0.009 0.814484
0 0.362 0.6775 0.016 0.014 0.814922
0 0.327333 0.72125 0.0213333 0.0075 0.815079
0 0.424333 0.578 0.0206667 0.007 0.815086
0 0.466 0.39325 0.02 0.0125 0.815124
0 0.661 0.48025 0.0206667 0.0075 0.815197
0 0.835667 0.469 0.0193333 0.008 0.815231
0 0.841 0.288 0.018 0.015 0.81524
0 0.547 0.4145 0.0166667 0.014 0.815269
0 0.458 0.85475 0.0253333 0.0085 0.816214
0 0.307 0.54125 0.0113333 0.0125 0.816339
0 0.518333 0.254 0.0206667 0.011 0.816397
0 0.499 0.4635 0.022 0.01 0.816655
0 0.521333 0.2635 0.0186667 0.01 0.816939
0 0.577333 0.7675 0.016 0.01 0.817133
0 0.484 0.52975 0.0133333 0.0155 0.817297
0 0.570333 0.47425 0.022 0.0095 0.817415
0 0.438 0.32975 0.02 0.0105 0.817495
0 0.555 0.311 0.0193333 0.008 0.817566
0 0.472667 0.32425 0.0173333 0.0095 0.817846
0 0.755 0.3895 0.0166667 0.011 0.818366
0 0.420667 0.73025 0.0133333 0.0175 0.8185
0 0.483333 0.34725 0.02 0.0085 0.81855
0 0.397667 0.55125 0.022 0.0125 0.818562
0 0.309667 0.74725 0.014 0.0165 0.818564
0 0.487333 0.337 0.016 0.013 0.818951
0 0.374333 0.60325 0.0166667 0.0115 0.819017
0 0.248333 0.3855 0.022 0.008 0.819176
0 0.740333 0.6315 0.0166667 0.014 0.819207
0 0.324333 0.35425 0.0246667 0.0115 0.819701
0 0.428 0.1775 0.0146667 0.016 0.819784
0 0.349333 0.3305 0.0146667 0.017 0.820376
0 0.547333 0.5305 0.0173333 0.012 0.820544
0 0.477 0.034 0.022 0.01 0.820572
0 0.460333 0.348 0.022 0.009 0.820628
0 0.507333 0.195 0.0253333 0.009 0.820792
0 0.458667 0.55625 0.0173333 0.0145 0.821204
0 0.395333 0.87525 0.0173333 0.0145 0.821501
0 0.249333 0.6305 0.0213333 0.008 0.821796
0 0.272333 0.49175 0.022 0.0105 0.822071
0 0.595 0.58825 0.0166667 0.0145 0.822154
0 0.584667 0.65725 0.02 0.0095 0.822296
0 0.761333 0.84175 0.0146667 0.0125 0.822979
0 0.683 0.59625 0.0206667 0.0095 0.822986
0 0.506333 0.51875 0.0153333 0.0135 0.823044
0 0.466667 0.71975 0.024 0.0095 0.823154
0 0.167667 0.82575 0.0126667 0.0165 0.82317
0 0.517333 0.3205 0.02 0.011 0.823375
0 0.676667 0.50675 0.0213333 0.0085 0.823536
0 0.439 0.58525 0.018 0.0115 0.823549
0 0.527667 0.36825 0.014 0.0145 0.823554
0 0.490333 0.5 0.014 0.013 0.823701
0 0.289333 0.4585 0.0146667 0.017 0.823756
0 0.500667 0.236 0.0226667 0.011 0.823964
0 0.287333 0.55375 0.0133333 0.0145 0.824006
0 0.452333 0.4415 0.0206667 0.008 0.824181
0 0.675333 0.75125 0.02 0.0075 0.824376
0 0.774333 0.23725 0.0233333 0.0085 0.824583
0 0.517 0.58175 0.0166667 0.0125 0.824609
0 0.422667 0.38775 0.0226667 0.0095 0.824628
0 0.357333 0.525 0.02 0.007 0.824696
0 0.369667 0.565 0.0113333 0.014 0.824723
0 0.775667 0.716 0.0153333 0.015 0.824763
0 0.291667 0.64975 0.0193333 0.0135 0.824907
0 0.481 0.70625 0.022 0.0075 0.824946
0 0.715667 0.4335 0.0206667 0.013 0.825906
0 0.779 0.43 0.0153333 0.012 0.82591
0 0.711 0.4745 0.014 0.016 0.825958
0 0.421 0.1855 0.0153333 0.015 0.826114
0 0.564 0.561 0.0146667 0.013 0.826124
0 0.403 0.4305 0.014 0.014 0.826229
0 0.487 0.7975 0.018 0.008 0.826233
0 0.518667 0.84425 0.012 0.0135 0.826348
0 0.196667 0.485 0.0226667 0.01 0.826386
0 0.317333 0.45925 0.0253333 0.0085 0.826418
0 0.777 0.6285 0.018 0.013 0.826528
0 0.270667 0.46675 0.0133333 0.0165 0.826665
0 0.328667 0.64775 0.0186667 0.0155 0.826675
0 0.768 0.5775 0.0173333 0.008 0.826713
0 0.462667 0.21675 0.0146667 0.0165 0.826997
0 0.464 0.863 0.02 0.011 0.827013
0 0.470667 0.5915 0.02 0.01 0.827298
0 0.465 0.51625 0.0206667 0.0095 0.827505
0 0.332667 0.377 0.016 0.016 0.827523
0 0.221 0.48725 0.0166667 0.0135 0.82795
0 0.258333 0.49525 0.0233333 0.0075 0.828074
0 0.441333 0.576 0.016 0.012 0.828081
0 0.235667 0.37775 0.0246667 0.0085 0.828115
0 0.779333 0.24275 0.0226667 0.0095 0.828123
0 0.454667 0.4215 0.016 0.013 0.82817
0 0.819 0.37775 0.0153333 0.0165 0.828717
0 0.832333 0.833 0.018 0.013 0.828862
0 0.739667 0.64675 0.014 0.0135 0.829052
0 0.401 0.513 0.0166667 0.014 0.829099
0 0.446333 0.68675 0.014 0.0135 0.82933
0 0.612333 0.7315 0.0113333 0.013 0.829363
0 0.372333 0.44225 0.014 0.0165 0.829443
0 0.749667 0.725 0.0126667 0.013 0.829462
0 0.320333 0.36425 0.026 0.0125 0.829619
0 0.186333 0.5705 0.018 0.012 0.829803
0 0.491 0.20675 0.014 0.0165 0.829823
0 0.390333 0.1755 0.0233333 0.011 0.829846
0 0.710667 0.5685 0.0146667 0.015 0.829906
0 0.391 0.38125 0.014 0.0165 0.829952
0 0.688 0.78925 0.0226667 0.0095 0.829981
0 0.805 0.61425 0.014 0.0185 0.830073
0 0.698333 0.421 0.0126667 0.014 0.830194
0 0.337667 0.87325 0.0166667 0.0155 0.830218
0 0.767667 0.556 0.0206667 0.008 0.830363
0 0.668667 0.458 0.0173333 0.013 0.830402
0 0.445333 0.177 0.016 0.014 0.830484
0 0.406333 0.3405 0.022 0.014 0.830577
0 0.712667 0.42475 0.02 0.0085 0.830592
0 0.488667 0.32 0.0213333 0.012 0.830853
0 0.445333 0.20675 0.0226667 0.0085 0.83088
0 0.281333 0.2945 0.02 0.012 0.831067
0 0.39 0.60825 0.0213333 0.0095 0.831138
0 0.258667 0.53525 0.012 0.0155 0.831172
0 0.369 0.4865 0.022 0.012 0.831407
0 0.499333 0.32425 0.0146667 0.0125 0.831439
0 0.191667 0.58275 0.0206667 0.0115 0.831463
0 0.703667 0.67425 0.0126667 0.0135 0.831804
0 0.672 0.66575 0.012 0.0155 0.831861
0 0.624 0.59525 0.0106667 0.0125 0.831886
0 0.623333 0.4535 0.02 0.011 0.83199
0 0.468333 0.5595 0.0166667 0.014 0.832012
0 0.322667 0.23175 0.0146667 0.0185 0.832256
0 0.677667 0.68575 0.0206667 0.0095 0.832274
0 0.76 0.6565 0.0186667 0.01 0.832306
0 0.172 0.4855 0.0186667 0.015 0.83253
0 0.796333 0.45375 0.0126667 0.0125 0.832565
0 0.448667 0.51075 0.0213333 0.0105 0.832705
0 0.676667 0.3665 0.016 0.015 0.832715
0 0.684 0.658 0.016 0.007 0.832815
0 0.339667 0.54025 0.018 0.0125 0.83285
0 0.557667 0.303 0.022 0.01 0.833073
0 0.397333 0.35525 0.0173333 0.0145 0.833084
0 0.594667 0.67 0.0146667 0.015 0.833264
0 0.442333 0.50625 0.0206667 0.0095 0.833384
0 0.478333 0.1175 0.0193333 0.012 0.833385
0 0.805 0.33675 0.0273333 0.0095 0.833444
0 0.874333 0.461 0.0193333 0.006 0.833587
0 0.283333 0.4125 0.0226667 0.01 0.833655
0 0.6 0.30925 0.0226667 0.0085 0.833709
0 0.34 0.5595 0.016 0.013 0.833776
0 0.839333 0.62825 0.0226667 0.0085 0.833977
0 0.629667 0.697 0.0126667 0.015 0.833981
0 0.323333 0.378 0.0133333 0.015 0.834013
0 0.308667 0.41175 0.0226667 0.0095 0.834107
0 0.278333 0.48575 0.022 0.0105 0.834603
0 0.653 0.1405 0.0193333 0.013 0.834827
0 0.774667 0.3585 0.0133333 0.018 0.835249
0 0.636 0.60175 0.0186667 0.0085 0.835728
0 0.760667 0.4765 0.0146667 0.013 0.835984
0 0.449333 0.92125 0.0226667 0.0095 0.836006
0 0.460333 0.19725 0.0166667 0.0185 0.836032
0 0.410333 0.38225 0.0206667 0.0085 0.836222
0 0.47 0.113 0.0173333 0.016 0.83629
0 0.685 0.87225 0.0126667 0.0155 0.836312
0 0.473 0.02675 0.022 0.0095 0.836495
0 0.324667 0.49225 0.0146667 0.0155 0.836535
0 0.368333 0.19575 0.0273333 0.0085 0.83666
0 0.32 0.45025 0.0226667 0.0105 0.836762
0 0.372333 0.31775 0.0206667 0.0135 0.836802
0 0.233667 0.67125 0.0126667 0.0145 0.83687
0 0.740667 0.6075 0.0186667 0.011 0.837015
0 0.253667 0.485 0.022 0.01 0.837061
0 0.419333 0.91925 0.0133333 0.0155 0.837066
0 0.26 0.50575 0.0226667 0.0095 0.837117
0 0.482333 0.22975 0.0126667 0.0145 0.837128
0 0.490667 0.4425 0.0146667 0.014 0.83734
0 0.187667 0.5895 0.0233333 0.01 0.837407
0 0.385333 0.306 0.016 0.018 0.837434
0 0.66 0.7415 0.024 0.011 0.837475
0 0.612333 0.80025 0.0153333 0.0125 0.837689
0 0.638667 0.66975 0.024 0.0085 0.837842
0 0.687333 0.67525 0.016 0.0135 0.837875
0 0.788667 0.613 0.016 0.015 0.838041
0 0.696 0.79675 0.0186667 0.0125 0.838115
0 0.350333 0.63075 0.0233333 0.0105 0.838259
0 0.480333 0.27325 0.0126667 0.0155 0.838388
0 0.377333 0.65175 0.02 0.0135 0.838727
0 0.200333 0.49525 0.022 0.0095 0.83911
0 0.298 0.2995 0.016 0.014 0.83943
0 0.628 0.40425 0.0146667 0.0175 0.839776
0 0.592333 0.79725 0.0166667 0.0125 0.839899
0 0.298667 0.4555 0.0106667 0.013 0.840026
0 0.261333 0.673 0.02 0.013 0.840205
0 0.167333 0.64925 0.016 0.0175 0.840272
0 0.370667 0.80375 0.0253333 0.0085 0.840361
0 0.438667 0.56625 0.0226667 0.0095 0.840432
0 0.644667 0.7985 0.016 0.015 0.84044
0 0.31 0.57625 0.0146667 0.0145 0.840493
0 0.491667 0.64425 0.0193333 0.0075 0.84056
0 0.590667 0.31525 0.0226667 0.0085 0.840744
0 0.379 0.518 0.0153333 0.015 0.840822
0 0.409333 0.65725 0.02 0.0115 0.84114
0 0.242 0.645 0.0106667 0.013 0.841152
0 0.299333 0.35075 0.0146667 0.0165 0.841196
0 0.449667 0.63175 0.022 0.0085 0.841297
0 0.804333 0.664 0.014 0.014 0.841372
0 0.664333 0.7215 0.0206667 0.011 0.841475
0 0.530333 0.88375 0.014 0.0105 0.841849
0 0.627667 0.4235 0.0233333 0.009 0.841853
0 0.489667 0.5405 0.022 0.008 0.842015
0 0.428667 0.3935 0.0226667 0.012 0.842162
0 0.701333 0.87525 0.012 0.0155 0.842186
0 0.315333 0.72825 0.0186667 0.0075 0.842262
0 0.353667 0.9855 0.026 0.012 0.842684
0 0.333667 0.77125 0.0206667 0.0115 0.842712
0 0.802333 0.435 0.018 0.008 0.842869
0 0.401 0.47425 0.0166667 0.0125 0.842975
0 0.780333 0.4835 0.014 0.014 0.842982
0 0.369667 0.454 0.0206667 0.013 0.843037
0 0.466333 0.634 0.022 0.01 0.843206
0 0.675333 0.417 0.0186667 0.017 0.843212
0 0.804 0.3715 0.0213333 0.012 0.84334
0 0.853667 0.64275 0.0126667 0.0155 0.84337
0 0.590333 0.4395 0.022 0.012 0.84357
0 0.465667 0.47225 0.0273333 0.0085 0.843632
0 0.795333 0.259 0.02 0.013 0.843651
0 0.515667 0.20675 0.0206667 0.0095 0.843679
0 0.551667 0.78725 0.018 0.0105 0.843768
0 0.387333 0.9775 0.0146667 0.016 0.84389
0 0.355 0.8265 0.022 0.013 0.843939
0 0.839667 0.175 0.0153333 0.015 0.843961
0 0.384 0.18675 0.0173333 0.0135 0.843965
0 0.498333 0.08375 0.0233333 0.0095 0.843994
0 0.555333 0.09175 0.028 0.0105 0.844452
0 0.240667 0.499 0.0173333 0.007 0.844558
0 0.334667 0.829 0.0226667 0.01 0.844624
0 0.603 0.90425 0.014 0.0145 0.844684
0 0.322333 0.42325 0.0153333 0.0125 0.844761
0 0.297 0.696 0.0233333 0.01 0.844783
0 0.491667 0.8805 0.0153333 0.018 0.844789
0 0.471667 0.33675 0.022 0.0075 0.844927
0 0.231333 0.6595 0.0213333 0.01 0.844929
0 0.478333 0.79025 0.0233333 0.0085 0.845058
0 0.182 0.73125 0.016 0.0175 0.845116
0 0.368 0.79425 0.0213333 0.0115 0.845167
0 0.245333 0.2345 0.016 0.017 0.845523
0 0.330333 0.61675 0.0233333 0.0095 0.845678
0 0.875 0.44625 0.022 0.0095 0.845678
0 0.599333 0.413 0.024 0.009 0.845942
0 0.319 0.387 0.0166667 0.014 0.846156
0 0.720667 0.45675 0.0226667 0.0075 0.846356
0 0.321667 0.7155 0.0246667 0.009 0.846634
0 0.425 0.7865 0.0206667 0.014 0.84676
0 0.687 0.886 0.022 0.013 0.846799
0 0.410333 0.40325 0.0126667 0.0165 0.846955
0 0.470667 0.38275 0.0213333 0.0105 0.847123
0 0.679333 0.81625 0.02 0.0135 0.847204
0 0.353333 0.886 0.028 0.01 0.847298
0 0.214667 0.46475 0.016 0.0195 0.847626
0 0.573 0.104 0.0206667 0.013 0.84771
0 0.526667 0.76325 0.0173333 0.0115 0.847715
0 0.441667 0.5195 0.0206667 0.008 0.847721
0 0.732667 0.72075 0.016 0.0135 0.847776
0 0.475667 0.80275 0.0206667 0.0095 0.847879
0 0.46 0.252 0.024 0.01 0.84826
0 0.754 0.4405 0.02 0.009 0.848338
0 0.321667 0.53 0.0233333 0.009 0.848475
0 0.721 0.582 0.022 0.009 0.848476
0 0.521333 0.13775 0.024 0.0105 0.8488
0 0.786667 0.27575 0.0133333 0.0155 0.848895
0 0.253667 0.51275 0.0206667 0.0085 0.849045
0 0.238 0.4 0.0213333 0.01 0.849084
0 0.330667 0.6075 0.0226667 0.008 0.849108
0 0.519333 0.8215 0.0213333 0.008 0.84919
0 0.255667 0.3945 0.0206667 0.013 0.849617
0 0.280333 0.422 0.014 0.01 0.85007
0 0.661333 0.13325 0.016 0.0225 0.850202
0 0.847 0.1575 0.0166667 0.019 0.85036
0 0.677667 0.1825 0.0233333 0.013 0.850695
0 0.711 0.7695 0.0193333 0.012 0.850796
0 0.811 0.56875 0.0193333 0.0125 0.850807
0 0.271 0.62825 0.018 0.0135 0.850992
0 0.483 0.31325 0.022 0.0105 0.850994
0 0.686 0.5135 0.0213333 0.008 0.851056
0 0.309333 0.48325 0.0253333 0.0085 0.851084
0 0.347 0.2145 0.018 0.013 0.851132
0 0.156333 0.75975 0.0166667 0.0155 0.851149
0 0.403 0.6035 0.0113333 0.014 0.851423
0 0.745 0.398 0.014 0.014 0.851465
0 0.407333 0.521 0.0213333 0.013 0.851579
0 0.536 0.87725 0.016 0.0115 0.85168
0 0.389667 0.653 0.0126667 0.016 0.85173
0 0.342667 0.4755 0.0213333 0.011 0.851758
0 0.438333 0.28175 0.0206667 0.0125 0.851846
0 0.491667 0.63025 0.0193333 0.0105 0.851928
0 0.313 0.51425 0.0273333 0.0085 0.851963
0 0.652667 0.6155 0.02 0.014 0.852048
0 0.71 0.509 0.016 0.016 0.852059
0 0.453 0.8425 0.0233333 0.009 0.85216
0 0.839667 0.4005 0.022 0.011 0.852593
0 0.634333 0.189 0.0166667 0.018 0.852645
0 0.749667 0.677 0.0206667 0.009 0.852663
0 0.861333 0.53475 0.0173333 0.0145 0.852709
0 0.800667 0.29725 0.0186667 0.0175 0.852949
0 0.558667 0.82 0.0213333 0.009 0.853013
0 0.505667 0.5325 0.0206667 0.011 0.853029
0 0.198667 0.577 0.02 0.012 0.853142
0 0.443667 0.89775 0.0193333 0.0095 0.853145
0 0.397 0.76675 0.018 0.0125 0.853289
0 0.688667 0.56225 0.0173333 0.0145 0.853559
0 0.297333 0.6085 0.0146667 0.016 0.853796
0 0.363333 0.33725 0.0213333 0.0125 0.853803
0 0.711 0.63125 0.018 0.0075 0.85407
0 0.702333 0.63775 0.014 0.0125 0.854116
0 0.801 0.78575 0.022 0.0095 0.854276
0 0.347 0.83975 0.0153333 0.0145 0.854354
0 0.307333 0.524 0.0226667 0.01 0.854425
0 0.308333 0.29325 0.0153333 0.0165 0.85443
0 0.728333 0.84475 0.0193333 0.0095 0.854445
0 0.397333 0.2085 0.0213333 0.016 0.854577
0 0.353 0.57575 0.026 0.0085 0.854694
0 0.368333 0.08075 0.0286667 0.0105 0.854756
0 0.179 0.4955 0.018 0.009 0.854766
0 0.664 0.52875 0.0186667 0.0105 0.854782
0 0.505333 0.847 0.024 0.008 0.854806
0 0.367667 0.2055 0.0286667 0.01 0.854989
0 0.153667 0.661 0.0166667 0.016 0.855014
0 0.228333 0.907 0.0286667 0.009 0.855151
0 0.398667 0.8405 0.0146667 0.018 0.855153
0 0.609667 0.3885 0.0206667 0.013 0.855186
0 0.304667 0.31625 0.0253333 0.0095 0.855585
0 0.192 0.59925 0.0253333 0.0085 0.855613
0 0.814 0.70725 0.02 0.0095 0.85562
0 0.490667 0.21825 0.0226667 0.0085 0.855622
0 0.642 0.405 0.0213333 0.013 0.855635
0 0.303 0.5545 0.0206667 0.012 0.85586
0 0.73 0.70075 0.02 0.0085 0.855955
0 0.169667 0.7315 0.0153333 0.015 0.855973
0 0.561667 0.18725 0.026 0.0115 0.856152
0 0.558 0.28525 0.0226667 0.0095 0.856201
0 0.476 0.289 0.0253333 0.008 0.856248
0 0.861333 0.67225 0.0186667 0.0115 0.856466
0 0.362 0.69375 0.024 0.0085 0.85691
0 0.433667 0.243 0.018 0.015 0.857006
0 0.698 0.4375 0.0173333 0.014 0.857093
0 0.321 0.81275 0.0193333 0.0175 0.857165
0 0.764667 0.48775 0.024 0.0085 0.857201
0 0.497 0.69475 0.022 0.0115 0.857203
0 0.547333 0.89875 0.028 0.0115 0.857242
0 0.257 0.36075 0.014 0.0125 0.85733
0 0.403667 0.537 0.0206667 0.01 0.857491
0 0.217333 0.37075 0.028 0.0085 0.857552
0 0.471667 0.5225 0.0206667 0.013 0.857726
0 0.422 0.05075 0.02 0.0115 0.857739
0 0.456333 0.832 0.026 0.009 0.857766
0 0.428 0.6875 0.0213333 0.011 0.857943
0 0.345333 0.30675 0.016 0.0195 0.858008
0 0.885667 0.457 0.022 0.009 0.858036
0 0.769 0.44625 0.022 0.0085 0.858042
0 0.441333 0.6535 0.0266667 0.009 0.858164
0 0.483333 0.81125 0.0213333 0.0095 0.858428
0 0.664667 0.795 0.02 0.013 0.858499
0 0.678 0.383 0.02 0.014 0.858556
0 0.953333 0.60725 0.0133333 0.0145 0.858616
0 0.41 0.05775 0.02 0.0125 0.858643
0 0.395 0.285 0.0153333 0.016 0.858807
0 0.426 0.50825 0.0173333 0.0125 0.858844
0 0.217 0.675 0.014 0.016 0.858991
0 0.160667 0.743 0.024 0.011 0.859059
0 0.678 0.96825 0.0173333 0.0155 0.859119
0 0.404667 0.896 0.0173333 0.016 0.859151
0 0.342667 0.4165 0.024 0.01 0.859188
0 0.754 0.32 0.012 0.016 0.85921
0 0.372667 0.6665 0.0146667 0.016 0.859211
0 0.441333 0.347 0.0226667 0.009 0.859304
0 0.272667 0.76025 0.0173333 0.0125 0.859472
0 0.608667 0.24225 0.016 0.0155 0.859832
0 0.692 0.75825 0.02 0.0095 0.859874
0 0.51 0.245 0.02 0.01 0.860169
0 0.725 0.568 0.0193333 0.01 0.860359
0 0.424 0.5995 0.0226667 0.011 0.860365
0 0.379667 0.71575 0.0246667 0.0115 0.860477
0 0.569667 0.35525 0.018 0.0135 0.860594
0 0.332 0.46625 0.0226667 0.0075 0.860645
0 0.467667 0.37125 0.0193333 0.0075 0.860828
0 0.271333 0.71625 0.0226667 0.0145 0.86085
0 0.308667 0.3995 0.02 0.013 0.860958
0 0.502 0.27775 0.0186667 0.0125 0.861075
0 0.801 0.5365 0.0166667 0.011 0.861276
0 0.645667 0.71975 0.0193333 0.0095 0.861631
0 0.384333 0.32075 0.0153333 0.0125 0.862271
0 0.478 0.60725 0.0213333 0.0105 0.862276
0 0.549333 0.2745 0.0253333 0.008 0.862288
0 0.233 0.229 0.014 0.018 0.862314
0 0.371 0.13625 0.018 0.0155 0.862327
0 0.484 0.399 0.0146667 0.013 0.86236
0 0.485667 0.3715 0.018 0.013 0.862361
0 0.501333 0.54675 0.0173333 0.0125 0.862419
0 0.522333 0.22375 0.0113333 0.0135 0.862828
0 0.425333 0.2005 0.0213333 0.013 0.862848
0 0.323667 0.68825 0.014 0.0165 0.862953
0 0.495 0.85975 0.0153333 0.0135 0.862999
0 0.259667 0.37175 0.0126667 0.0135 0.863014
0 0.614 0.58625 0.0213333 0.0115 0.863049
0 0.254 0.65475 0.0173333 0.0125 0.863109
0 0.354 0.653 0.0213333 0.008 0.863284
0 0.662333 0.429 0.022 0.009 0.863338
0 0.390667 0.40275 0.0146667 0.0135 0.863592
0 0.325333 0.57575 0.0146667 0.0145 0.863631
0 0.709667 0.337 0.0233333 0.011 0.863636
0 0.446667 0.083 0.0226667 0.014 0.863724
0 0.858333 0.1295 0.0206667 0.019 0.863896
0 0.398 0.58275 0.0226667 0.0075 0.863947
0 0.229667 0.63125 0.014 0.0155 0.864059
0 0.840333 0.475 0.018 0.008 0.864084
0 0.334667 0.4495 0.0133333 0.016 0.864113
0 0.498333 0.177 0.026 0.012 0.864143
0 0.379333 0.533 0.0213333 0.01 0.864217
0 0.696333 0.66075 0.018 0.0085 0.864359
0 0.427667 0.34175 0.022 0.0085 0.864371
0 0.411333 0.80375 0.0253333 0.0105 0.864387
0 0.485667 0.29975 0.0206667 0.0135 0.864721
0 0.702333 0.01525 0.0206667 0.0195 0.864901
0 0.429667 0.756 0.0166667 0.013 0.864912
0 0.278667 0.3715 0.02 0.013 0.865014
0 0.331 0.6285 0.0206667 0.009 0.865069
0 0.453333 0.361 0.012 0.014 0.865105
0 0.418 0.435 0.0226667 0.009 0.865387
0 0.482333 0.44625 0.0193333 0.0155 0.865659
0 0.340667 0.78225 0.0213333 0.0115 0.865695
0 0.450667 0.12375 0.024 0.0115 0.865708
0 0.344667 0.1525 0.028 0.009 0.865774
0 0.649667 0.88625 0.0206667 0.0125 0.86587
0 0.676667 0.77975 0.012 0.0135 0.865877
0 0.748333 0.73975 0.0233333 0.0095 0.865961
0 0.880667 0.2125 0.0266667 0.012 0.866054
0 0.864667 0.737 0.0186667 0.013 0.866071
0 0.671 0.35275 0.022 0.0135 0.866227
0 0.479 0.8295 0.0126667 0.012 0.866663
0 0.256333 0.4445 0.0206667 0.015 0.866692
0 0.574333 0.38775 0.0206667 0.0115 0.866704
0 0.724 0.46425 0.0213333 0.0075 0.866721
0 0.327 0.74 0.018 0.013 0.866869
0 0.461 0.623 0.018 0.011 0.867066
0 0.28 0.51225 0.0253333 0.0085 0.86718
0 0.412 0.62175 0.0133333 0.0145 0.867476
0 0.425 0.613 0.022 0.01 0.867487
0 0.782667 0.6875 0.0213333 0.008 0.867655
0 0.772333 0.85525 0.022 0.0125 0.86772
0 0.380667 0.24025 0.0253333 0.0105 0.867737
0 0.342667 0.142 0.0253333 0.011 0.867933
0 0.371667 0.17275 0.0206667 0.0135 0.868026
0 0.472667 0.14375 0.0226667 0.0145 0.868258
0 0.585 0.8375 0.0233333 0.01 0.86837
0 0.560333 0.83525 0.0166667 0.0155 0.868468
0 0.783333 0.79675 0.024 0.0145 0.868504
0 0.869667 0.64825 0.0193333 0.0085 0.868508
0 0.557 0.94175 0.0233333 0.0125 0.868528
0 0.43 0.715 0.0173333 0.011 0.868593
0 0.475 0.92625 0.0206667 0.0115 0.868605
0 0.303333 0.43575 0.016 0.0155 0.868619
0 0.804667 0.63075 0.0213333 0.0145 0.868755
0 0.67 0.75675 0.0213333 0.0085 0.868956
0 0.482333 0.00775 0.022 0.0145 0.869064
0 0.588667 0.8885 0.0226667 0.014 0.869105
0 0.439 0.664 0.022 0.012 0.86916
0 0.429 0.295 0.0233333 0.008 0.869288
0 0.363333 0.6225 0.0226667 0.009 0.869299
0 0.925 0.3535 0.0246667 0.01 0.869328
0 0.403333 0.70975 0.012 0.0135 0.87012
0 0.740667 0.2545 0.02 0.015 0.87024
0 0.678 0.29775 0.0146667 0.0185 0.87034
0 0.817 0.475 0.0246667 0.01 0.870429
0 0.692667 0.716 0.02 0.01 0.870469
0 0.191667 0.7505 0.0233333 0.014 0.870539
0 0.575 0.31125 0.018 0.0165 0.870997
0 0.851 0.88025 0.026 0.0115 0.871222
0 0.880667 0.698 0.02 0.011 0.871225
0 0.363 0.46 0.0206667 0.012 0.871249
0 0.685 0.3995 0.0166667 0.017 0.8714
0 0.699 0.78 0.0233333 0.009 0.871484
0 0.737 0.4355 0.0126667 0.014 0.871863
0 0.885333 0.6005 0.0226667 0.009 0.871953
0 0.484333 0.86625 0.0193333 0.0085 0.872197
0 0.264 0.2955 0.0133333 0.017 0.872366
0 0.592333 0.8255 0.0206667 0.011 0.872757
0 0.362 0.0905 0.0213333 0.013 0.872848
0 0.498 0.92725 0.016 0.0145 0.873471
0 0.811667 0.89925 0.026 0.0125 0.87367
0 0.344333 0.506 0.022 0.012 0.873675
0 0.808 0.936 0.0266667 0.011 0.873789
0 0.676 0.62275 0.02 0.0095 0.874079
0 0.485 0.05525 0.0273333 0.0115 0.874185
0 0.612 0.6535 0.0226667 0.011 0.874875
0 0.961667 0.39025 0.0233333 0.0115 0.874951
0 0.419333 0.63675 0.0253333 0.0095 0.875325
0 0.351667 0.42475 0.026 0.0095 0.875387
0 0.682667 0.476 0.0186667 0.015 0.876037
0 0.364 0.639 0.0186667 0.016 0.876146
0 0.761 0.45375 0.018 0.0065 0.876537
0 0.567333 0.84575 0.016 0.0135 0.876628
0 0.454667 0.10375 0.0226667 0.0125 0.876707
0 0.476 0.246 0.0186667 0.014 0.877002
0 0.342333 0.68425 0.0233333 0.0115 0.877201
0 0.0976667 0.52425 0.0313333 0.0105 0.877396
0 0.246667 0.216 0.0266667 0.011 0.877484
0 0.753667 0.6315 0.0153333 0.013 0.877501
0 0.697667 0.215 0.0206667 0.014 0.877778
0 0.776333 0.5625 0.0206667 0.012 0.877945
0 0.432333 0.3085 0.0246667 0.011 0.87826
0 0.338667 0.2295 0.016 0.013 0.878401
0 0.328333 0.101 0.0206667 0.01 0.878477
0 0.456 0.0435 0.0173333 0.02 0.878669
0 0.624 0.9665 0.024 0.012 0.879012
0 0.281667 0.56475 0.0166667 0.0155 0.879096
0 0.696333 0.35575 0.0233333 0.0095 0.879214
0 0.300333 0.72625 0.018 0.0145 0.879216
0 0.390667 0.9445 0.0133333 0.018 0.879566
0 0.277333 0.3075 0.016 0.012 0.879712
0 0.401333 0.389 0.02 0.01 0.879901
0 0.414 0.96125 0.0186667 0.0065 0.880159
0 0.705333 0.45075 0.02 0.0095 0.880515
0 0.440333 0.47075 0.018 0.0135 0.88114
0 0.803 0.7425 0.0233333 0.011 0.881327
0 0.564667 0.79425 0.0173333 0.0155 0.882141
0 0.151 0.722 0.0233333 0.011 0.882172
0 0.417667 0.5845 0.0206667 0.009 0.882937
0 0.616333 0.53175 0.0153333 0.0125 0.883383
0 0.328333 0.075 0.0246667 0.013 0.883465
0 0.301667 0.19075 0.0193333 0.0175 0.8835
0 0.400667 0.08 0.024 0.013 0.884171
0 0.345333 0.27475 0.0186667 0.0155 0.884638
0 0.737667 0.23025 0.0246667 0.0115 0.88485
0 0.522333 0.95975 0.0166667 0.0135 0.884978
0 0.474 0.177 0.0146667 0.018 0.885148
0 0.485 0.0965 0.0193333 0.017 0.885362
0 0.284 0.7015 0.0173333 0.014 0.886994
0 0.619333 0.2265 0.0253333 0.017 0.887113
0 0.422 0.4745 0.0213333 0.012 0.887718
0 0.370333 0.10425 0.0193333 0.0125 0.887987
0 0.675333 0.169 0.0226667 0.012 0.888055
0 0.705 0.40325 0.0233333 0.0115 0.888212
0 0.357 0.1345 0.018 0.016 0.888512
0 0.123333 0.22 0.016 0.018 0.888637
0 0.581667 0.40025 0.0206667 0.0125 0.889163
0 0.772667 0.45875 0.0173333 0.0115 0.890629
0 0.336 0.73225 0.0186667 0.0165 0.890961
0 0.767667 0.37275 0.0233333 0.0105 0.892624
0 0.772667 0.22 0.024 0.013 0.892681
0 0.636667 0.59175 0.0146667 0.0135 0.893815
0 0.227 0.5015 0.022 0.013 0.894733
0 0.573667 0.53575 0.0206667 0.0105 0.895265
0 0.669333 0.40425 0.0226667 0.0115 0.895457
0 0.449667 0.66775 0.0166667 0.0115 0.895639
0 0.748667 0.44875 0.0213333 0.0085 0.89568
0 0.172667 0.6775 0.0186667 0.017 0.898036
0 0.679333 0.71275 0.0186667 0.0075 0.89805
0 0.654333 0.33025 0.014 0.0145 0.898166
0 0.786667 0.543 0.02 0.008 0.898866
0 0.804 0.19275 0.0186667 0.0135 0.90009
0 0.584667 0.28325 0.02 0.0195 0.901943
0 0.552667 0.91 0.016 0.015 0.903055
0 0.407667 0.35375 0.018 0.0115 0.904286
0 0.355 0.096 0.018 0.015 0.926796
