0 0.4535 0.562667 0.019 0.024 0.837311
0 0.49275 0.434333 0.0125 0.026 0.855338
0 0.63475 0.437333 0.0175 0.02 0.856676
0 0.5465 0.676667 0.015 0.0293333 0.858893
0 0.68325 0.358333 0.0215 0.0166667 0.859953
0 0.454 0.428667 0.02 0.0186667 0.861566
0 0.48725 0.540333 0.0185 0.0193333 0.861903
0 0.4695 0.548333 0.014 0.0206667 0.862408
0 0.502 0.498667 0.022 0.0186667 0.862539
0 0.579 0.42 0.019 0.012 0.864055
0 0.48525 0.465 0.0185 0.022 0.86422
0 0.735 0.441667 0.016 0.0273333 0.865824
0 0.5425 0.618333 0.016 0.0233333 0.868482
0 0.463 0.401667 0.02 0.0206667 0.871324
0 0.56275 0.536667 0.0205 0.0173333 0.871328
0 0.54375 0.533333 0.0135 0.02 0.87156
0 0.553 0.574 0.019 0.0213333 0.872249
0 0.44375 0.632333 0.0135 0.026 0.874569
0 0.63025 0.532 0.0225 0.016 0.87457
0 0.58925 0.523333 0.0215 0.0146667 0.875164
0 0.592 0.336667 0.016 0.028 0.875295
0 0.566 0.391333 0.015 0.0306667 0.876148
0 0.72125 0.514333 0.0175 0.0233333 0.876192
0 0.645 0.5 0.018 0.0213333 0.879303
0 0.41875 0.468333 0.0225 0.0166667 0.879644
0 0.3985 0.525333 0.019 0.0226667 0.881234
0 0.451 0.668 0.022 0.016 0.88155
0 0.39175 0.471667 0.0125 0.026 0.886326
0 0.51175 0.526 0.0155 0.0253333 0.886468
0 0.528 0.404333 0.019 0.0193333 0.887332
0 0.51275 0.576333 0.0235 0.0153333 0.889762
0 0.50825 0.460333 0.0195 0.018 0.892779
0 0.48 0.502667 0.016 0.0266667 0.904515
