0 0.79975 0.163 0.0065 0.01 0.595266
0 0.4325 0.674 0.019 0.012 0.77345
0 0.431 0.595667 0.018 0.0166667 0.81554
0 0.361 0.705333 0.019 0.0133333 0.822232
0 0.5055 0.682 0.011 0.0226667 0.822554
0 0.44425 0.554667 0.0145 0.02 0.826386
0 0.6185 0.512667 0.012 0.024 0.830506
0 0.72175 0.584 0.0115 0.0253333 0.831529
0 0.41925 0.590333 0.0105 0.0193333 0.833548
0 0.36925 0.788667 0.0125 0.02 0.839388
0 0.4945 0.685667 0.012 0.022 0.83988
0 0.78125 0.477333 0.0195 0.0186667 0.840416
0 0.7295 0.674333 0.02 0.014 0.841085
0 0.742 0.567667 0.013 0.0246667 0.842053
0 0.42825 0.791 0.0185 0.0113333 0.842686
0 0.74975 0.628333 0.0185 0.0193333 0.842919
0 0.719 0.723667 0.014 0.0246667 0.84393
0 0.3965 0.617 0.018 0.0113333 0.846467
0 0.52575 0.584333 0.0205 0.0153333 0.846795
0 0.32925 0.602667 0.0175 0.0213333 0.849963
0 0.17575 0.536667 0.0155 0.0213333 0.851253
0 0.82075 0.600667 0.0125 0.0253333 0.852111
0 0.62625 0.617 0.0175 0.018 0.852344
0 0.34975 0.792667 0.0195 0.0133333 0.855772
0 0.5525 0.765667 0.012 0.022 0.855865
0 0.62525 0.654333 0.0135 0.022 0.85712
0 0.41075 0.856 0.0125 0.0186667 0.858179
0 0.71875 0.654667 0.0165 0.0213333 0.858244
0 0.42775 0.811333 0.0135 0.02 0.85838
0 0.56425 0.638 0.0115 0.0253333 0.858444
0 0.34425 0.529667 0.0175 0.0193333 0.858676
0 0.547 0.563667 0.013 0.022 0.858856
0 0.36475 0.575333 0.0215 0.012 0.858874
0 0.5565 0.595 0.019 0.014 0.858943
0 0.4565 0.5 0.012 0.0213333 0.858974
0 0.21975 0.334333 0.0225 0.0153333 0.859139
0 0.52025 0.781333 0.0175 0.0173333 0.859891
0 0.57875 0.325667 0.0175 0.022 0.859949
0 0.844 0.614667 0.013 0.024 0.860056
0 0.608 0.617333 0.022 0.0133333 0.860653
0 0.7145 0.631 0.02 0.014 0.861128
0 0.41125 0.733 0.0165 0.018 0.86169
0 0.42575 0.656667 0.0185 0.0106667 0.862305
0 0.79575 0.603 0.0125 0.0233333 0.862893
0 0.18375 0.281667 0.0165 0.0286667 0.863597
0 0.68025 0.617 0.0195 0.0113333 0.864342
0 0.5415 0.716333 0.016 0.018 0.865861
0 0.08025 0.520667 0.0205 0.016 0.866006
0 0.9265 0.534333 0.014 0.026 0.866035
0 0.678 0.511 0.013 0.018 0.866228
0 0.54275 0.649 0.0125 0.0246667 0.866683
0 0.31925 0.717333 0.0165 0.02 0.867192
0 0.45 0.696667 0.015 0.024 0.868138
0 0.67875 0.770333 0.0205 0.0153333 0.868524
0 0.5145 0.615667 0.018 0.0193333 0.869037
0 0.5395 0.595 0.009 0.0206667 0.869175
0 0.5745 0.572667 0.012 0.028 0.869602
0 0.335 0.632 0.019 0.0186667 0.870219
0 0.48175 0.390667 0.0125 0.0266667 0.870398
0 0.67075 0.607667 0.0205 0.014 0.870451
0 0.18825 0.564667 0.0185 0.016 0.870754
0 0.348 0.763667 0.012 0.0233333 0.870825
0 0.6815 0.718667 0.014 0.0186667 0.87095
0 0.3635 0.415 0.023 0.0126667 0.871161
0 0.87325 0.774667 0.0205 0.0173333 0.871378
0 0.8265 0.546333 0.016 0.026 0.871535
0 0.54925 0.688667 0.0185 0.0146667 0.871995
0 0.54575 0.739667 0.0175 0.0166667 0.872402
0 0.8705 0.739667 0.018 0.022 0.872461
0 0.48875 0.242667 0.0225 0.0146667 0.872473
0 0.362 0.602 0.02 0.0173333 0.872592
0 0.35475 0.713 0.0185 0.014 0.87309
0 0.848 0.655333 0.02 0.02 0.873289
0 0.69525 0.593667 0.0205 0.0126667 0.873918
0 0.2955 0.603667 0.022 0.014 0.874207
0 0.51875 0.703667 0.0175 0.0193333 0.874638
0 0.80925 0.698333 0.0215 0.0153333 0.875016
0 0.356 0.282667 0.015 0.0253333 0.875517
0 0.529 0.754333 0.019 0.018 0.875604
0 0.651 0.468333 0.016 0.0233333 0.875612
0 0.89 0.608 0.018 0.0213333 0.87597
0 0.258 0.546333 0.022 0.0166667 0.876049
0 0.5115 0.647333 0.016 0.0106667 0.876232
0 0.5205 0.415 0.012 0.0246667 0.876604
0 0.6355 0.747333 0.022 0.0133333 0.876853
0 0.42925 0.403667 0.0115 0.0246667 0.877133
0 0.40025 0.65 0.0185 0.0173333 0.877652
0 0.70575 0.214667 0.0135 0.028 0.878249
0 0.68975 0.573667 0.0185 0.018 0.878671
0 0.6865 0.407 0.021 0.014 0.879415
0 0.56875 0.800667 0.0185 0.0213333 0.879708
0 0.33175 0.246 0.0195 0.0253333 0.880272
0 0.39975 0.762 0.0185 0.0173333 0.881823
0 0.43525 0.568333 0.0205 0.014 0.88193
0 0.34 0.57 0.018 0.0106667 0.882092
0 0.49575 0.543333 0.0155 0.0213333 0.882388
0 0.5535 0.530333 0.017 0.0193333 0.882875
0 0.6425 0.724333 0.02 0.014 0.88298
0 0.28475 0.571667 0.0165 0.0233333 0.883787
0 0.41475 0.623333 0.0135 0.02 0.884263
0 0.49275 0.488333 0.0145 0.0273333 0.885099
0 0.62325 0.574333 0.0185 0.018 0.887161
0 0.44925 0.646333 0.0155 0.0166667 0.888669
