0 0.563 0.792333 0.019 0.018 0.833047
0 0.66725 0.777667 0.0195 0.0233333 0.840267
0 0.4055 0.672333 0.022 0.0166667 0.842849
0 0.443 0.446667 0.015 0.028 0.844252
0 0.52525 0.611333 0.0225 0.0146667 0.846465
0 0.8035 0.609667 0.019 0.0193333 0.84776
0 0.4435 0.597 0.017 0.022 0.8501
0 0.717 0.556 0.014 0.028 0.852197
0 0.88175 0.509667 0.0155 0.0286667 0.85276
0 0.39025 0.607667 0.0145 0.0273333 0.855919
0 0.35975 0.343333 0.0225 0.0186667 0.855963
0 0.927 0.229667 0.018 0.0246667 0.856242
0 0.63425 0.502333 0.0195 0.0113333 0.85668
0 0.247 0.345333 0.016 0.032 0.857297
0 0.53225 0.625667 0.0195 0.0153333 0.857518
0 0.78075 0.380667 0.0225 0.0173333 0.858425
0 0.42825 0.756667 0.0165 0.028 0.859123
0 0.65575 0.491667 0.0155 0.0206667 0.862267
0 0.689 0.352 0.016 0.0213333 0.863531
0 0.5315 0.76 0.016 0.0253333 0.865274
0 0.25525 0.409667 0.0225 0.0206667 0.865753
0 0.65875 0.513 0.0195 0.018 0.86666
0 0.64225 0.304333 0.0165 0.026 0.867439
0 0.49875 0.639 0.0225 0.018 0.868762
0 0.829 0.343 0.022 0.0153333 0.869244
0 0.4465 0.491 0.015 0.0286667 0.871838
0 0.816 0.513 0.016 0.0246667 0.87223
0 0.8175 0.588333 0.023 0.0126667 0.872408
0 0.85225 0.516333 0.0215 0.018 0.872898
0 0.72775 0.542 0.0125 0.0253333 0.872969
0 0.864 0.742333 0.019 0.026 0.874333
0 0.38375 0.719667 0.0225 0.0193333 0.875206
0 0.5455 0.508 0.018 0.0226667 0.875217
0 0.4245 0.837667 0.017 0.026 0.875769
0 0.554 0.833333 0.018 0.024 0.875913
0 0.346 0.184 0.024 0.0266667 0.876568
0 0.75125 0.400333 0.0165 0.0246667 0.876858
0 0.61375 0.379333 0.0185 0.0266667 0.877096
0 0.56925 0.443667 0.0235 0.0166667 0.877529
0 0.75975 0.560667 0.0145 0.028 0.877574
0 0.07075 0.781 0.0265 0.0166667 0.877706
0 0.60825 0.621333 0.0245 0.0133333 0.878513
0 0.467 0.503333 0.019 0.0266667 0.879971
0 0.5245 0.454333 0.02 0.018 0.884894
0 0.33925 0.778667 0.0175 0.0253333 0.885295
0 0.6455 0.767667 0.019 0.0246667 0.887889
0 0.49825 0.417 0.0175 0.0233333 0.888008
0 0.188 0.286333 0.024 0.0233333 0.897232
