0 0.532667 0.37725 0.0213333 0.0175 0.759513
0 0.787333 0.6195 0.0266667 0.017 0.770749
0 0.416667 0.106 0.0266667 0.013 0.780777
0 0.507 0.61275 0.014 0.0145 0.781458
0 0.589333 0.188 0.0306667 0.015 0.808685
0 0.571667 0.5075 0.0246667 0.012 0.812844
0 0.735667 0.443 0.026 0.015 0.81568
0 0.367333 0.404 0.0266667 0.014 0.816652
0 0.622333 0.50575 0.0246667 0.0105 0.817272
0 0.575667 0.51375 0.0206667 0.0115 0.819493
0 0.395 0.63525 0.03 0.0105 0.821285
0 0.548667 0.51725 0.0293333 0.0085 0.826259
0 0.348 0.40525 0.0253333 0.0085 0.829383
0 0.592333 0.48675 0.0206667 0.0155 0.831738
0 0.603667 0.491 0.0246667 0.014 0.834433
0 0.343333 0.51025 0.0306667 0.0115 0.835765
0 0.619667 0.51475 0.026 0.0075 0.840907
0 0.349 0.3935 0.0206667 0.014 0.840943
0 0.557667 0.5255 0.0233333 0.011 0.841261
0 0.269 0.205 0.0246667 0.022 0.841518
0 0.839667 0.7155 0.026 0.009 0.842378
0 0.636 0.242 0.02 0.019 0.843588
0 0.254 0.90575 0.0173333 0.0195 0.845721
0 0.243333 0.153 0.032 0.016 0.8468
0 0.229333 0.533 0.0306667 0.01 0.848415
0 0.513667 0.3445 0.0246667 0.015 0.848952
0 0.280333 0.56975 0.0286667 0.0085 0.849951
0 0.441667 0.79875 0.0233333 0.0195 0.850808
0 0.365667 0.853 0.0326667 0.014 0.850913
0 0.818 0.563 0.0293333 0.011 0.854552
0 0.338333 0.52025 0.0273333 0.0095 0.854824
0 0.205 0.35825 0.03 0.0155 0.855317
0 0.534 0.58425 0.024 0.0155 0.855745
0 0.432 0.307 0.028 0.012 0.855758
0 0.421333 0.91025 0.0293333 0.0175 0.855899
0 0.558667 0.836 0.0226667 0.015 0.856288
0 0.603 0.3105 0.0286667 0.013 0.856584
0 0.311 0.67725 0.03 0.0115 0.857898
0 0.550667 0.03075 0.02 0.0225 0.857954
0 0.413667 0.29875 0.0193333 0.0185 0.858487
0 0.287333 0.73025 0.0293333 0.0125 0.858798
0 0.765 0.735 0.026 0.015 0.859201
0 0.671 0.571 0.0166667 0.015 0.859485
0 0.750667 0.8055 0.0293333 0.011 0.859677
0 0.446667 0.24375 0.02 0.0195 0.859901
0 0.521667 0.357 0.0273333 0.014 0.860275
0 0.189333 0.18775 0.0266667 0.0165 0.860878
0 0.188667 0.2015 0.0293333 0.013 0.861315
0 0.632333 0.4085 0.026 0.01 0.862389
0 0.503333 0.1765 0.0306667 0.014 0.862404
0 0.404 0.8475 0.0306667 0.012 0.862744
0 0.439 0.18175 0.0206667 0.0205 0.862889
0 0.438333 0.6025 0.0273333 0.013 0.863834
0 0.353333 0.5565 0.0213333 0.02 0.863913
0 0.079 0.45875 0.0313333 0.0125 0.863929
0 0.508667 0.651 0.0266667 0.014 0.864082
0 0.267333 0.943 0.0213333 0.019 0.865086
0 0.407 0.11175 0.0246667 0.0165 0.865272
0 0.645 0.694 0.0273333 0.011 0.865305
0 0.495667 0.61 0.0166667 0.019 0.865437
0 0.557667 0.538 0.022 0.019 0.865702
0 0.580667 0.46875 0.0186667 0.0175 0.86596
0 0.491 0.84175 0.018 0.0195 0.866085
0 0.483333 0.196 0.0226667 0.02 0.866101
0 0.508333 0.013 0.026 0.016 0.867694
0 0.756667 0.6465 0.024 0.017 0.868345
0 0.581 0.7975 0.0246667 0.018 0.868444
0 0.797 0.4925 0.03 0.012 0.868714
0 0.578 0.554 0.0253333 0.016 0.868767
0 0.485 0.78425 0.03 0.0115 0.869233
0 0.502667 0.325 0.0226667 0.016 0.86935
0 0.43 0.66425 0.0306667 0.0105 0.869679
0 0.413667 0.322 0.018 0.019 0.871132
0 0.536 0.48025 0.0293333 0.0115 0.871382
0 0.534333 0.70925 0.022 0.0195 0.871756
0 0.267333 0.66125 0.028 0.0175 0.873599
0 0.266333 0.575 0.0273333 0.011 0.873978
0 0.457 0.104 0.0233333 0.019 0.874586
0 0.717667 0.563 0.022 0.019 0.875144
0 0.751333 0.82375 0.0173333 0.0175 0.875501
0 0.252333 0.85775 0.0193333 0.0225 0.87583
0 0.376667 0.5795 0.02 0.021 0.876036
0 0.455 0.81225 0.0193333 0.0205 0.876135
0 0.191 0.25975 0.026 0.0175 0.877391
0 0.33 0.41175 0.0253333 0.0155 0.877695
0 0.469333 0.73075 0.0226667 0.0165 0.87921
0 0.81 0.542 0.024 0.016 0.87946
0 0.383667 0.76775 0.0273333 0.0115 0.879837
0 0.593 0.53125 0.026 0.0105 0.879895
0 0.342667 0.1035 0.0266667 0.012 0.881238
0 0.351667 0.68275 0.026 0.0165 0.882309
0 0.362667 0.094 0.024 0.019 0.884633
0 0.519333 0.56825 0.0186667 0.0185 0.889089
0 0.296667 0.2765 0.0266667 0.017 0.891921
