0 0.111333 0.4265 0.02 0.019 0.825647
0 0.542 0.25175 0.0266667 0.0115 0.848189
0 0.430667 0.6225 0.0186667 0.019 0.848533
0 0.606 0.197 0.0266667 0.013 0.849808
0 0.388667 0.57075 0.024 0.0135 0.850747
0 0.325667 0.52425 0.0193333 0.0205 0.851238
0 0.811667 0.512 0.0153333 0.018 0.851576
0 0.256667 0.59725 0.0213333 0.0215 0.852977
0 0.342667 0.67425 0.028 0.0205 0.853559
0 0.169 0.64675 0.0193333 0.0225 0.85403
0 0.275333 0.7225 0.0186667 0.023 0.854844
0 0.662667 0.488 0.0266667 0.011 0.856211
0 0.741 0.0215 0.018 0.016 0.857758
0 0.266 0.44475 0.024 0.0155 0.858246
0 0.361333 0.2835 0.0266667 0.014 0.859138
0 0.0136667 0.4905 0.026 0.017 0.859295
0 0.601 0.39525 0.03 0.0125 0.861726
0 0.429333 0.47675 0.0253333 0.0145 0.861951
0 0.823 0.57925 0.03 0.0105 0.862388
0 0.309 0.697 0.03 0.016 0.863102
0 0.469333 0.64075 0.0173333 0.0205 0.86353
0 0.783 0.65075 0.03 0.0105 0.863971
0 0.453667 0.21925 0.026 0.0145 0.864699
0 0.233667 0.315 0.03 0.013 0.864813
0 0.461 0.3985 0.0193333 0.016 0.865256
0 0.286667 0.7745 0.0266667 0.02 0.865697
0 0.380333 0.58625 0.03 0.0125 0.8665
0 0.375667 0.268 0.026 0.012 0.866859
0 0.453 0.73725 0.0246667 0.0175 0.868498
0 0.499333 0.4205 0.0293333 0.012 0.86878
0 0.408333 0.5945 0.0166667 0.02 0.869017
0 0.440333 0.406 0.0166667 0.018 0.869661
0 0.779333 0.336 0.0213333 0.017 0.869721
0 0.691667 0.1325 0.0286667 0.012 0.871147
0 0.779 0.8505 0.0286667 0.012 0.873102
0 0.508333 0.75225 0.0246667 0.0185 0.874033
0 0.365667 0.1755 0.0206667 0.016 0.874499
0 0.542 0.618 0.0306667 0.012 0.875999
0 0.585667 0.5555 0.03 0.012 0.876665
0 0.290667 0.57175 0.0293333 0.0105 0.877016
0 0.335667 0.221 0.0286667 0.011 0.877203
0 0.895 0.86475 0.0206667 0.0195 0.87904
0 0.504667 0.646 0.024 0.019 0.879204
0 0.525667 0.58375 0.0273333 0.0155 0.882552
0 0.322667 0.24 0.02 0.017 0.885714
0 0.728 0.88625 0.0293333 0.0125 0.894332
