0 0.18725 0.624333 0.0225 0.0193333 0.793818
0 0.2475 0.448333 0.016 0.0286667 0.835525
0 0.43825 0.548 0.0205 0.02 0.836143
0 0.3285 0.500667 0.017 0.0133333 0.844532
0 0.237 0.463 0.014 0.0273333 0.847061
0 0.30825 0.512667 0.0155 0.0213333 0.85127
0 0.11875 0.491 0.0215 0.018 0.852027
0 0.60425 0.657667 0.0235 0.018 0.855416
0 0.09025 0.497 0.0145 0.0286667 0.859196
0 0.15 0.418667 0.022 0.0133333 0.859722
0 0.40775 0.162667 0.0175 0.0253333 0.86093
0 0.781 0.716667 0.023 0.0253333 0.862812
0 0.46325 0.358667 0.0225 0.0173333 0.862915
0 0.90925 0.195333 0.0285 0.0186667 0.865838
0 0.52025 0.554333 0.0125 0.026 0.865999
0 0.537 0.153 0.017 0.0246667 0.866212
0 0.35025 0.625 0.0165 0.026 0.866917
0 0.52 0.401333 0.016 0.0226667 0.867437
0 0.5165 0.509333 0.015 0.0306667 0.867645
0 0.2065 0.445 0.012 0.026 0.869574
0 0.39725 0.205 0.0205 0.018 0.870276
0 0.35225 0.348667 0.0125 0.0266667 0.871163
0 0.55725 0.322333 0.0225 0.0193333 0.871189
0 0.27675 0.652333 0.0165 0.0273333 0.871897
0 0.5335 0.235667 0.015 0.026 0.873756
0 0.1055 0.268667 0.016 0.024 0.874652
0 0.32375 0.7 0.0165 0.0253333 0.874735
0 0.5795 0.272 0.022 0.0226667 0.875609
0 0.71225 0.590333 0.0235 0.0206667 0.87652
0 0.1425 0.661667 0.023 0.0153333 0.876999
0 0.1645 0.397333 0.022 0.02 0.87857
0 0.30525 0.490333 0.0195 0.018 0.878626
0 0.7205 0.655 0.017 0.03 0.879574
0 0.5735 0.387667 0.014 0.0286667 0.879659
0 0.2165 0.604333 0.018 0.026 0.88001
0 0.4455 0.392333 0.023 0.0166667 0.880446
0 0.3535 0.38 0.024 0.0146667 0.880674
0 0.15375 0.493667 0.0165 0.0246667 0.881375
0 0.316 0.234 0.017 0.02 0.882128
0 0.431 0.236 0.016 0.0266667 0.886516
0 0.46525 0.585 0.0175 0.0233333 0.888164
0 0.6255 0.21 0.018 0.028 0.88864
0 0.051 0.773 0.018 0.0233333 0.889244
0 0.3945 0.558667 0.024 0.0146667 0.890597
0 0.4965 0.498333 0.016 0.0246667 0.891382
0 0.296 0.224 0.023 0.024 0.891724
0 0.4175 0.493667 0.018 0.0246667 0.894929
0 0.6175 0.819667 0.021 0.0273333 0.899192
