0 0.61525 0.279 0.0115 0.0153333 0.52837
0 0.23425 0.562667 0.0215 0.0146667 0.7554
0 0.60425 0.284333 0.0125 0.0166667 0.759059
0 0.613 0.297333 0.013 0.0226667 0.778012
0 0.23875 0.553333 0.0225 0.0133333 0.781351
0 0.7485 0.866 0.022 0.0306667 0.782816
0 0.607 0.267 0.015 0.026 0.811885
0 0.60425 0.538333 0.0155 0.03 0.82578
0 0.273 0.454 0.021 0.0266667 0.840537
0 0.552 0.549667 0.018 0.0246667 0.845335
0 0.3435 0.381667 0.02 0.0206667 0.845354
0 0.749 0.665333 0.019 0.0253333 0.847342
0 0.4475 0.829667 0.026 0.022 0.848933
0 0.524 0.661333 0.023 0.0253333 0.849259
0 0.6325 0.61 0.024 0.024 0.850845
0 0.27075 0.300333 0.0155 0.0286667 0.851089
0 0.20325 0.800333 0.0265 0.0193333 0.851434
0 0.55325 0.499667 0.0165 0.0286667 0.855765
0 0.5465 0.601333 0.021 0.0293333 0.856209
0 0.279 0.228333 0.019 0.022 0.858194
0 0.22675 0.356333 0.0155 0.0286667 0.859471
0 0.49525 0.147667 0.0155 0.03 0.861119
0 0.68475 0.608667 0.0195 0.0293333 0.861444
0 0.46525 0.562 0.0175 0.0293333 0.862715
0 0.324 0.455333 0.023 0.0226667 0.862732
0 0.3725 0.295667 0.025 0.0166667 0.863323
0 0.54375 0.531667 0.0185 0.026 0.863785
0 0.2245 0.515667 0.024 0.022 0.864645
0 0.579 0.603 0.026 0.0193333 0.865233
0 0.236 0.456 0.015 0.0306667 0.865264
0 0.3955 0.493 0.012 0.0286667 0.866245
0 0.4535 0.499667 0.02 0.0246667 0.866384
0 0.406 0.537 0.025 0.0166667 0.868997
0 0.4805 0.508667 0.022 0.0213333 0.873329
0 0.67125 0.571 0.0175 0.018 0.874541
0 0.602 0.659 0.019 0.0286667 0.875399
0 0.20525 0.41 0.0195 0.0253333 0.891811
0 0.30875 0.444667 0.0155 0.0266667 0.892978
0 0.37075 0.509667 0.0165 0.03 0.908004
