0 0.582333 0.449 0.0153333 0.015 0.800686
0 0.566 0.45275 0.0146667 0.0195 0.823531
0 0.527333 0.35925 0.0186667 0.0195 0.836795
0 0.461 0.20075 0.026 0.0155 0.845087
0 0.488333 0.54175 0.0193333 0.0135 0.847017
0 0.120333 0.916 0.0326667 0.014 0.848581
0 0.452333 0.55175 0.026 0.0165 0.861065
0 0.639 0.53525 0.018 0.0195 0.863815
0 0.785 0.49175 0.026 0.0105 0.864222
0 0.906 0.48925 0.028 0.0145 0.867404
0 0.532667 0.4055 0.0253333 0.009 0.868353
0 0.482333 0.58 0.0286667 0.01 0.86909
0 0.424333 0.3965 0.0206667 0.018 0.869256
0 0.554333 0.48375 0.0313333 0.0125 0.869368
0 0.570333 0.4665 0.0286667 0.012 0.869524
0 0.564 0.57725 0.028 0.0135 0.869879
0 0.389 0.555 0.0326667 0.011 0.871681
0 0.479667 0.55025 0.0193333 0.0195 0.871952
0 0.408 0.3585 0.024 0.016 0.872393
0 0.282 0.302 0.0346667 0.013 0.87354
0 0.601333 0.48425 0.0173333 0.0185 0.874027
0 0.501667 0.64325 0.022 0.0205 0.874336
0 0.528667 0.52825 0.0173333 0.0145 0.876397
0 0.483667 0.44875 0.0286667 0.0125 0.877543
0 0.592 0.4575 0.016 0.022 0.880927
0 0.54 0.373 0.0253333 0.011 0.882694
0 0.142 0.38025 0.02 0.0215 0.883049
0 0.529333 0.615 0.016 0.019 0.883933
0 0.557333 0.549 0.0226667 0.018 0.884648
0 0.536667 0.44075 0.0226667 0.0185 0.88494
0 0.613667 0.349 0.0246667 0.011 0.886323
0 0.629333 0.51175 0.028 0.0155 0.886548
0 0.533667 0.54025 0.03 0.0115 0.887223
0 0.378667 0.589 0.024 0.017 0.891892
0 0.579667 0.4015 0.0273333 0.017 0.896257
0 0.450667 0.69875 0.024 0.0175 0.89903
