0 0.545667 0.5715 0.0193333 0.016 0.506627
0 0.246 0.30425 0.0213333 0.0155 0.534487
0 0.326333 0.62675 0.0206667 0.0075 0.542037
0 0.222333 0.5815 0.00866667 0.011 0.556962
0 0.379333 0.4765 0.0146667 0.016 0.570498
0 0.751333 0.002 0.00933333 0.004 0.573
0 0.461667 0.7345 0.0206667 0.01 0.59834
0 0.371667 0.4695 0.0113333 0.011 0.643368
0 0.447667 0.46125 0.014 0.0095 0.646232
0 0.558333 0.71725 0.018 0.0105 0.673471
0 0.252 0.562 0.016 0.011 0.691057
0 0.463333 0.447 0.0106667 0.013 0.700224
0 0.230333 0.5865 0.014 0.012 0.70131
0 0.250667 0.5095 0.012 0.008 0.703926
0 0.208667 0.4125 0.0133333 0.012 0.704054
0 0.208333 0.53675 0.018 0.0135 0.704977
0 0.405667 0.54925 0.0153333 0.0135 0.711582
0 0.419333 0.57875 0.0186667 0.0065 0.713466
0 0.456 0.3985 0.0133333 0.016 0.725715
0 0.521 0.39225 0.0126667 0.0155 0.731066
0 0.543333 0.363 0.02 0.016 0.732259
0 0.255667 0.3055 0.0153333 0.015 0.73497
0 0.569 0.60425 0.022 0.0125 0.745826
0 0.636 0.4695 0.0146667 0.013 0.747124
0 0.203333 0.62175 0.0133333 0.0235 0.75301
0 0.202 0.402 0.016 0.015 0.754035
0 0.642333 0.41975 0.0113333 0.0175 0.756152
0 0.464333 0.3965 0.0126667 0.015 0.756211
0 0.624 0.4315 0.02 0.012 0.767737
0 0.16 0.297 0.028 0.011 0.772838
0 0.528667 0.383 0.0213333 0.014 0.774475
0 0.529333 0.3745 0.0213333 0.011 0.77565
0 0.449333 0.1445 0.0213333 0.008 0.776811
0 0.212667 0.58125 0.0146667 0.0195 0.781125
0 0.260667 0.5715 0.0213333 0.008 0.782529
0 0.555 0.54925 0.026 0.0085 0.786661
0 0.465 0.663 0.0206667 0.015 0.786871
0 0.538667 0.66125 0.0133333 0.0185 0.787502
0 0.588 0.6175 0.0133333 0.019 0.787565
0 0.447 0.73775 0.014 0.0205 0.787573
0 0.197 0.54825 0.0193333 0.0175 0.789848
0 0.535333 0.41275 0.016 0.0145 0.791861
0 0.347333 0.422 0.0146667 0.017 0.793332
0 0.292 0.68025 0.0253333 0.0095 0.793415
0 0.257333 0.67775 0.0186667 0.0115 0.793858
0 0.575667 0.61475 0.018 0.0125 0.794033
0 0.291333 0.57625 0.0186667 0.0135 0.794477
0 0.63 0.4195 0.0213333 0.016 0.795539
0 0.249 0.50325 0.014 0.0105 0.797535
0 0.444667 0.22475 0.0133333 0.0165 0.798906
0 0.514 0.6465 0.012 0.013 0.800735
0 0.235667 0.5155 0.0233333 0.009 0.801239
0 0.662 0.5965 0.0226667 0.018 0.801524
0 0.416333 0.63025 0.0246667 0.0115 0.802916
0 0.511 0.53425 0.014 0.0165 0.803505
0 0.523 0.65975 0.0113333 0.0155 0.806051
0 0.409667 0.6075 0.014 0.014 0.806726
0 0.474333 0.2025 0.0153333 0.02 0.807598
0 0.520333 0.5345 0.0166667 0.014 0.807839
0 0.298667 0.6475 0.0173333 0.016 0.807947
0 0.525667 0.595 0.0206667 0.007 0.808208
0 0.694667 0.209 0.0293333 0.01 0.808636
0 0.397333 0.6055 0.0173333 0.007 0.808923
0 0.259 0.53875 0.0153333 0.0175 0.808965
0 0.416333 0.5425 0.014 0.014 0.810211
0 0.470667 0.30175 0.016 0.0155 0.810695
0 0.458667 0.46175 0.0146667 0.0145 0.811109
0 0.615667 0.5505 0.0166667 0.02 0.811366
0 0.266667 0.67475 0.0186667 0.0155 0.812734
0 0.445667 0.45375 0.0206667 0.0125 0.813102
0 0.635 0.48225 0.0193333 0.0135 0.813779
0 0.354 0.43825 0.0213333 0.0115 0.814918
0 0.214333 0.624 0.014 0.016 0.815046
0 0.248333 0.6055 0.014 0.016 0.81605
0 0.217333 0.412 0.0133333 0.014 0.816586
0 0.256667 0.5935 0.0146667 0.015 0.816919
0 0.579 0.62775 0.026 0.0085 0.818621
0 0.290667 0.645 0.0133333 0.014 0.819009
0 0.653333 0.4955 0.0146667 0.017 0.819391
0 0.510667 0.659 0.0173333 0.012 0.821114
0 0.386667 0.576 0.0133333 0.01 0.821762
0 0.443333 0.153 0.0253333 0.009 0.82383
0 0.301333 0.693 0.0146667 0.014 0.823996
0 0.602667 0.5515 0.0133333 0.02 0.824061
0 0.666667 0.61225 0.0133333 0.0145 0.824391
0 0.447 0.298 0.022 0.014 0.825606
0 0.285667 0.68775 0.0193333 0.0135 0.826494
0 0.182667 0.4075 0.028 0.008 0.826845
0 0.43 0.374 0.0133333 0.015 0.827881
0 0.251333 0.553 0.0253333 0.009 0.827891
0 0.622667 0.474 0.0146667 0.012 0.828252
0 0.489 0.18425 0.014 0.0165 0.828766
0 0.471333 0.3705 0.024 0.01 0.829491
0 0.498667 0.65125 0.0133333 0.0145 0.831193
0 0.458333 0.63825 0.014 0.0185 0.831778
0 0.555 0.60475 0.018 0.0125 0.831787
0 0.188 0.68175 0.024 0.0105 0.832509
0 0.180667 0.3995 0.024 0.01 0.832837
0 0.476667 0.185 0.0133333 0.019 0.833131
0 0.253 0.49275 0.03 0.0095 0.833215
0 0.627333 0.3795 0.0186667 0.016 0.833523
0 0.543 0.382 0.018 0.018 0.833919
0 0.427333 0.35975 0.0266667 0.0075 0.834855
0 0.458667 0.20375 0.0186667 0.0175 0.835097
0 0.489667 0.3645 0.0126667 0.017 0.835574
0 0.756333 0.42925 0.0166667 0.0155 0.8361
0 0.401667 0.592 0.0206667 0.014 0.836618
0 0.622667 0.39075 0.0146667 0.0175 0.837172
0 0.490667 0.302 0.0146667 0.018 0.837716
0 0.432667 0.22625 0.016 0.0215 0.837798
0 0.557667 0.55575 0.0206667 0.0085 0.837828
0 0.481333 0.6535 0.0213333 0.012 0.837831
0 0.585333 0.636 0.02 0.012 0.837947
0 0.538333 0.35575 0.0233333 0.0125 0.838223
0 0.463 0.5665 0.0166667 0.013 0.838482
0 0.217667 0.39725 0.0193333 0.0125 0.838554
0 0.668667 0.728 0.024 0.014 0.839161
0 0.572 0.4195 0.0226667 0.012 0.839959
0 0.566667 0.5385 0.0226667 0.012 0.839969
0 0.263 0.326 0.014 0.016 0.840171
0 0.265667 0.5045 0.0246667 0.008 0.840337
0 0.240667 0.29175 0.0253333 0.0125 0.841407
0 0.276333 0.3155 0.0246667 0.015 0.841619
0 0.423 0.29925 0.03 0.0095 0.8417
0 0.36 0.40225 0.0253333 0.0095 0.841882
0 0.609333 0.618 0.0213333 0.01 0.842043
0 0.536667 0.401 0.0266667 0.013 0.842122
0 0.450667 0.36725 0.024 0.0105 0.842126
0 0.389333 0.60975 0.0226667 0.0115 0.842171
0 0.464667 0.7255 0.028 0.009 0.842709
0 0.161333 0.399 0.0213333 0.016 0.842744
0 0.459333 0.36275 0.0186667 0.0085 0.84327
0 0.483333 0.29025 0.0293333 0.0115 0.843492
0 0.396333 0.5495 0.018 0.013 0.843523
0 0.667333 0.7375 0.028 0.009 0.843981
0 0.231667 0.56325 0.0206667 0.0075 0.844184
0 0.741333 0.43325 0.024 0.0105 0.844247
0 0.436667 0.672 0.0253333 0.011 0.844294
0 0.436333 0.75475 0.026 0.0105 0.844339
0 0.419 0.55525 0.018 0.0125 0.844835
0 0.465667 0.35675 0.026 0.0095 0.845136
0 0.301 0.49775 0.0193333 0.0135 0.845357
0 0.462667 0.7475 0.0186667 0.015 0.845996
0 0.754333 0.51925 0.014 0.0165 0.84635
0 0.433333 0.596 0.0146667 0.012 0.846354
0 0.359333 0.71275 0.0146667 0.0155 0.846577
0 0.240667 0.58625 0.016 0.0165 0.846906
0 0.456333 0.333 0.0246667 0.01 0.84718
0 0.573 0.55675 0.018 0.0135 0.847263
0 0.415 0.36975 0.0233333 0.0105 0.847353
0 0.226 0.457 0.0186667 0.016 0.847977
0 0.421 0.615 0.0246667 0.01 0.84834
0 0.549333 0.505 0.0253333 0.011 0.848874
0 0.541667 0.798 0.0233333 0.01 0.849166
0 0.652333 0.45825 0.0233333 0.0145 0.849256
0 0.455333 0.303 0.0213333 0.015 0.849342
0 0.553333 0.537 0.0186667 0.014 0.849344
0 0.376667 0.67025 0.0253333 0.0115 0.849414
0 0.548 0.7145 0.0226667 0.01 0.849694
0 0.537667 0.567 0.014 0.016 0.849924
0 0.268 0.56275 0.016 0.0155 0.850589
0 0.449 0.284 0.0193333 0.013 0.85115
0 0.357333 0.4745 0.0226667 0.012 0.851168
0 0.605667 0.6495 0.0193333 0.017 0.85125
0 0.236 0.44675 0.0146667 0.0155 0.85147
0 0.360333 0.5695 0.0233333 0.013 0.851512
0 0.435667 0.58475 0.0233333 0.0085 0.851537
0 0.529333 0.66975 0.0146667 0.0155 0.851942
0 0.61 0.62625 0.0253333 0.0095 0.852368
0 0.637333 0.44 0.0173333 0.018 0.852406
0 0.339667 0.76275 0.018 0.0165 0.852542
0 0.387333 0.31225 0.0133333 0.0175 0.852689
0 0.617667 0.43925 0.0233333 0.0145 0.853031
0 0.532333 0.726 0.018 0.018 0.853748
0 0.292 0.4115 0.016 0.016 0.853841
0 0.193 0.67 0.0246667 0.009 0.854086
0 0.35 0.57275 0.0146667 0.0135 0.854104
0 0.459333 0.32525 0.024 0.0105 0.854319
0 0.339 0.43575 0.0153333 0.0145 0.854999
0 0.362667 0.44325 0.024 0.0105 0.855151
0 0.469 0.31675 0.014 0.0175 0.855358
0 0.224 0.5405 0.024 0.012 0.855446
0 0.184667 0.436 0.0266667 0.01 0.855574
0 0.575667 0.42875 0.0246667 0.0115 0.855596
0 0.595667 0.63875 0.0193333 0.0145 0.855734
0 0.636667 0.49175 0.0266667 0.0085 0.856039
0 0.597667 0.4905 0.026 0.01 0.857034
0 0.187 0.536 0.014 0.018 0.857046
0 0.538 0.586 0.0186667 0.015 0.857222
0 0.657 0.62375 0.0246667 0.0085 0.857271
0 0.390667 0.376 0.028 0.01 0.8574
0 0.736 0.6445 0.0186667 0.014 0.857634
0 0.517 0.41025 0.0193333 0.0145 0.857674
0 0.240333 0.571 0.0206667 0.01 0.858113
0 0.588667 0.7195 0.016 0.018 0.858219
0 0.392667 0.57175 0.0173333 0.0145 0.858283
0 0.421 0.30775 0.026 0.0095 0.858367
0 0.754 0.64125 0.0186667 0.0145 0.858514
0 0.321333 0.388 0.0173333 0.02 0.8588
0 0.329667 0.61925 0.026 0.0115 0.859141
0 0.239 0.5085 0.022 0.011 0.859182
0 0.191667 0.65925 0.0286667 0.0095 0.859286
0 0.670333 0.63 0.0206667 0.014 0.859292
0 0.573 0.3105 0.018 0.02 0.859444
0 0.825333 0.747 0.028 0.01 0.859492
0 0.494 0.4155 0.016 0.017 0.860128
0 0.586333 0.56925 0.0193333 0.0075 0.860134
0 0.313 0.68875 0.0153333 0.0155 0.860216
0 0.282667 0.63125 0.0266667 0.0105 0.860231
0 0.247333 0.53225 0.0133333 0.0155 0.860317
0 0.262333 0.5795 0.022 0.008 0.860602
0 0.779333 0.8075 0.0266667 0.013 0.860795
0 0.682667 0.6145 0.024 0.01 0.861054
0 0.341333 0.40575 0.012 0.0145 0.86123
0 0.480667 0.5 0.024 0.008 0.861304
0 0.194667 0.4615 0.028 0.01 0.861625
0 0.415333 0.56975 0.0213333 0.0135 0.862012
0 0.568333 0.24625 0.026 0.0105 0.862154
0 0.185667 0.44625 0.0206667 0.0105 0.862169
0 0.508333 0.59375 0.014 0.0165 0.862253
0 0.657667 0.65325 0.0286667 0.0095 0.862425
0 0.476667 0.45325 0.0213333 0.0115 0.862792
0 0.226333 0.47025 0.014 0.0145 0.862818
0 0.272333 0.718 0.0153333 0.018 0.862827
0 0.56 0.61475 0.0173333 0.0095 0.863045
0 0.232333 0.363 0.0153333 0.014 0.863186
0 0.435 0.57075 0.022 0.0115 0.863604
0 0.470333 0.6465 0.0166667 0.019 0.863906
0 0.435 0.321 0.0206667 0.016 0.864168
0 0.149 0.2295 0.0153333 0.019 0.864211
0 0.536667 0.29475 0.024 0.0105 0.864403
0 0.322 0.60375 0.028 0.0095 0.864404
0 0.615 0.46875 0.0193333 0.0135 0.864572
0 0.449333 0.76675 0.0133333 0.0195 0.86485
0 0.248 0.77 0.02 0.019 0.865084
0 0.261 0.68875 0.0246667 0.0105 0.865233
0 0.285 0.58175 0.0166667 0.0115 0.865397
0 0.409 0.4 0.0166667 0.018 0.865732
0 0.571 0.574 0.0193333 0.008 0.866236
0 0.589333 0.5805 0.024 0.012 0.866461
0 0.551667 0.72925 0.022 0.0145 0.866791
0 0.488 0.563 0.0133333 0.016 0.866798
0 0.546667 0.70575 0.0293333 0.0095 0.867099
0 0.219333 0.3875 0.0253333 0.013 0.867143
0 0.422 0.65 0.0266667 0.011 0.867159
0 0.594 0.53625 0.0253333 0.0125 0.867347
0 0.5 0.7025 0.0266667 0.011 0.867576
0 0.446 0.48825 0.0253333 0.0095 0.867698
0 0.558 0.4775 0.0293333 0.013 0.867972
0 0.454667 0.5765 0.0226667 0.01 0.868352
0 0.615333 0.142 0.0253333 0.014 0.868764
0 0.271 0.65925 0.0193333 0.0175 0.869074
0 0.293667 0.49225 0.022 0.0125 0.869176
0 0.450333 0.383 0.0233333 0.012 0.86919
0 0.272 0.419 0.0226667 0.015 0.869196
0 0.293 0.596 0.022 0.01 0.869695
0 0.358333 0.41725 0.022 0.0145 0.869771
0 0.460667 0.543 0.0133333 0.015 0.869801
0 0.653 0.5455 0.0206667 0.016 0.870726
0 0.438333 0.5545 0.0246667 0.009 0.870861
0 0.273 0.38575 0.014 0.0175 0.871007
0 0.554333 0.57425 0.018 0.0155 0.87109
0 0.312333 0.6265 0.0153333 0.014 0.871512
0 0.225333 0.48675 0.0266667 0.0095 0.871861
0 0.474333 0.57125 0.022 0.0115 0.872054
0 0.652667 0.47075 0.0226667 0.0115 0.872095
0 0.705667 0.57125 0.026 0.0095 0.872794
0 0.596 0.4665 0.0173333 0.019 0.873549
0 0.460333 0.1545 0.0206667 0.02 0.874038
0 0.536 0.55 0.0133333 0.013 0.874061
0 0.627667 0.77125 0.0286667 0.0145 0.874083
0 0.421 0.287 0.026 0.011 0.874435
0 0.676 0.841 0.0266667 0.011 0.874608
0 0.428333 0.35075 0.026 0.0115 0.874659
0 0.389667 0.27825 0.0246667 0.0125 0.874869
0 0.450333 0.60425 0.0246667 0.0105 0.875937
0 0.156667 0.41 0.0253333 0.011 0.876317
0 0.470333 0.09475 0.0193333 0.0165 0.877234
0 0.226667 0.64275 0.0186667 0.0155 0.877299
0 0.241333 0.33925 0.016 0.0205 0.877325
0 0.693333 0.4405 0.0253333 0.01 0.877421
0 0.447667 0.47575 0.018 0.0145 0.877557
0 0.162 0.45775 0.016 0.0185 0.878081
0 0.261667 0.62 0.0206667 0.018 0.878426
0 0.21 0.554 0.02 0.012 0.879046
0 0.433 0.27825 0.0246667 0.0125 0.879195
0 0.440667 0.25625 0.016 0.0185 0.879207
0 0.471333 0.44025 0.0213333 0.0185 0.879258
0 0.464 0.11275 0.0266667 0.0105 0.879338
0 0.491333 0.635 0.024 0.01 0.879566
0 0.336333 0.633 0.022 0.012 0.879863
0 0.630667 0.683 0.0186667 0.015 0.879924
0 0.571 0.7145 0.018 0.011 0.880154
0 0.460333 0.7985 0.022 0.017 0.880469
0 0.185 0.29575 0.0153333 0.0205 0.880671
0 0.665333 0.66625 0.0186667 0.0175 0.880758
0 0.679667 0.70175 0.0273333 0.0105 0.880955
0 0.539333 0.14275 0.028 0.0105 0.881138
0 0.344 0.1115 0.0186667 0.016 0.881442
0 0.212333 0.3675 0.0273333 0.01 0.881749
0 0.474 0.5505 0.02 0.017 0.881826
0 0.176667 0.4235 0.0213333 0.015 0.883518
0 0.353333 0.48275 0.02 0.0135 0.88364
0 0.731333 0.5785 0.0266667 0.01 0.883685
0 0.296 0.6225 0.0146667 0.015 0.883967
0 0.227333 0.4225 0.02 0.015 0.884358
0 0.157 0.581 0.03 0.011 0.884418
0 0.492 0.75325 0.02 0.0175 0.884629
0 0.336 0.58425 0.024 0.0135 0.884654
0 0.114 0.34 0.0266667 0.012 0.884937
0 0.467 0.78 0.0286667 0.011 0.885304
0 0.115667 0.4765 0.026 0.011 0.885466
0 0.502 0.45125 0.0266667 0.0115 0.886373
0 0.197333 0.48175 0.0253333 0.0115 0.886451
0 0.344 0.3875 0.024 0.013 0.887368
0 0.334333 0.57 0.0206667 0.015 0.887696
0 0.537667 0.60075 0.022 0.0145 0.891538
0 0.392667 0.678 0.02 0.017 0.892864
0 0.418 0.587 0.02 0.011 0.916663
